public/static/data/temp/g2exp.grd
DSAA
          32          32
 -0.500000000       2.59999990    
 -0.500000000       2.59999990    
  -2.51795934E-03   7.54515640E-03
   6.83345192E-04   6.83345192E-04   6.83345192E-04   6.83345192E-04   6.83345192E-04   6.83345192E-04   6.83345192E-04   6.83345192E-04   6.83345192E-04   6.83345192E-04   6.83345192E-04   6.83345192E-04   6.83345192E-04   6.83345192E-04   6.83345192E-04   6.83345192E-04   6.83345192E-04   6.83345192E-04   6.83345192E-04   6.83345192E-04   6.83345192E-04   6.83345192E-04   6.83345192E-04   6.83345192E-04   6.83345192E-04   6.83345192E-04   6.83345192E-04   6.83345192E-04   6.83345192E-04   6.83345192E-04   6.83345192E-04   6.83345192E-04
   6.83345192E-04   5.72940684E-04   4.61788673E-04   3.49574344E-04   2.38519598E-04   1.36624862E-04   5.58136198E-05  -1.98523048E-06  -4.60592746E-05  -8.01833376E-05  -1.06526677E-04  -1.25444145E-04  -1.37530471E-04  -1.42970268E-04  -1.42464123E-04  -1.37097231E-04  -1.27444480E-04  -1.12973350E-04  -9.25083732E-05  -6.48584100E-05  -2.95797654E-05   1.37222933E-05   6.40146245E-05   1.20830002E-04   1.82886724E-04   2.52561615E-04   3.22764914E-04   3.90025642E-04   4.56973154E-04   5.27640223E-04   6.03647379E-04   6.83345192E-04
   6.83345192E-04   4.80220420E-04   2.77184474E-04   7.33329070E-05  -1.29706837E-04  -3.17820901E-04  -4.61431686E-04  -5.56993240E-04  -6.32272044E-04  -6.90895016E-04  -7.37055205E-04  -7.69866805E-04  -7.91001483E-04  -8.00124195E-04  -7.98597641E-04  -7.88866833E-04  -7.72246276E-04  -7.47662387E-04  -7.12580630E-04  -6.64476596E-04  -6.03044755E-04  -5.26710413E-04  -4.38830059E-04  -3.39146325E-04  -2.33460174E-04  -1.08520697E-04   1.47040791E-05   1.30707427E-04   2.49265286E-04   3.80539452E-04   5.27016295E-04   6.83345192E-04
   6.83345192E-04   4.19286545E-04   1.61395947E-04  -9.04503613E-05  -3.41666397E-04  -5.81982662E-04  -7.50939362E-04  -8.42342502E-04  -9.26894310E-04  -9.91592067E-04  -1.04532694E-03  -1.08186028E-03  -1.10643159E-03  -1.11606601E-03  -1.11268368E-03  -1.10074284E-03  -1.08236948E-03  -1.05598813E-03  -1.01752440E-03  -9.62742022E-04  -8.93681892E-04  -8.04474868E-04  -7.04980397E-04  -5.88361523E-04  -4.79601964E-04  -3.27506510E-04  -1.90783132E-04  -6.73422255E-05   7.16426293E-05   2.45217758E-04   4.53736342E-04   6.83345192E-04
   6.83345192E-04   3.94850329E-04   1.30709566E-04  -9.93120848E-05  -3.13154655E-04  -5.38267777E-04  -6.72205002E-04  -7.02842895E-04  -7.73389125E-04  -8.17489461E-04  -8.61434557E-04  -8.86169146E-04  -9.06284316E-04  -9.12469695E-04  -9.07456328E-04  -8.97272490E-04  -8.84342939E-04  -8.66913993E-04  -8.40455294E-04  -7.98353169E-04  -7.49849714E-04  -6.77793287E-04  -6.07462309E-04  -5.08297759E-04  -4.58704541E-04  -3.23183980E-04  -2.53348378E-04  -1.95227214E-04  -8.10733909E-05   1.13980532E-04   3.79027973E-04   6.83345192E-04
   6.83345192E-04   3.93863389E-04   1.64537720E-04   4.24466634E-05   2.66451389E-05   0.00000000       0.00000000       0.00000000       0.00000000       0.00000000       0.00000000       0.00000000       0.00000000       0.00000000       0.00000000       0.00000000       0.00000000       0.00000000       0.00000000       0.00000000       0.00000000       0.00000000       0.00000000       0.00000000       0.00000000       0.00000000      -1.72605360E-04  -2.86824594E-04  -2.41874513E-04  -3.50770642E-05   2.92501238E-04   6.83345192E-04
   6.83345192E-04   3.82829428E-04   1.80318675E-04   1.91319297E-04   5.73866069E-04   1.47897867E-03   1.90451997E-03   1.02187262E-03   1.72404933E-03   1.56298245E-03   1.80062442E-03   1.73027581E-03   1.84104464E-03   1.83291349E-03   1.79273449E-03   1.76364731E-03   1.74809981E-03   1.73531612E-03   1.73115451E-03   1.57444784E-03   1.62393437E-03   1.29244779E-03   1.45397848E-03   6.39370352E-04   1.61202613E-03   6.46510744E-04  -9.66853695E-05  -4.54903580E-04  -4.73513559E-04  -2.32515245E-04   1.82126445E-04   6.83345192E-04
   6.83345192E-04   3.37586534E-04   7.78273534E-05  -2.98511932E-05   4.41484144E-06   0.00000000       3.03909183E-04   0.00000000       2.14109765E-04   8.75541009E-05   4.07390937E-04   3.96386371E-04   4.83061012E-04   4.51506843E-04   5.37197280E-04   5.09988982E-04   5.32180711E-04   4.42702149E-04   4.60137264E-04   3.03177629E-04   3.06228583E-04   0.00000000       0.00000000       0.00000000       1.28420987E-04   0.00000000      -5.53981983E-04  -8.65193724E-04  -8.24713148E-04  -4.89021710E-04   4.70912782E-05   6.83345192E-04
   6.83345192E-04   3.16176011E-04   5.00018723E-05  -9.05501679E-07   3.36995668E-04   1.38426875E-03   2.98879039E-03   2.47851480E-03   3.60041345E-03   3.67720099E-03   4.03698441E-03   4.05333797E-03   4.17490583E-03   4.18451242E-03   4.16297745E-03   4.13778005E-03   4.11659013E-03   4.06106934E-03   4.01581451E-03   3.78859835E-03   3.70844477E-03   3.10370489E-03   2.93645752E-03   1.43231254E-03   2.22220551E-03   1.45741622E-04  -9.23376181E-04  -1.30414241E-03  -1.20423082E-03  -7.61242700E-04  -9.43406631E-05   6.83345192E-04
   6.83345192E-04   3.42744461E-04   1.16811207E-04   1.15929797E-04   4.44222620E-04   1.29220076E-03   4.16087918E-03   3.77633702E-03   5.15232049E-03   5.36597427E-03   5.91769908E-03   6.04923721E-03   6.21009618E-03   6.22696104E-03   6.29185978E-03   6.25687512E-03   6.23164792E-03   6.09988114E-03   6.01661857E-03   5.69991674E-03   5.47387218E-03   4.61062696E-03   4.33195382E-03   2.36573070E-03   2.95744836E-03   0.00000000      -1.19734486E-03  -1.62532856E-03  -1.50587433E-03  -9.89654101E-04  -2.16215616E-04   6.83345192E-04
   6.83345192E-04   4.30938322E-04   3.46210407E-04   6.24842825E-04   1.54702947E-03   3.55079467E-03   6.63878862E-03   5.37899695E-03   6.51809713E-03   6.55883178E-03   7.16509670E-03   7.30513502E-03   7.50686135E-03   7.54515640E-03   7.53069855E-03   7.47588370E-03   7.39341881E-03   7.23817246E-03   7.08166324E-03   6.67059794E-03   6.44618366E-03   5.65174501E-03   5.97012695E-03   4.32261452E-03   5.04788244E-03   1.43531244E-03  -7.47570884E-04  -1.61929859E-03  -1.64285745E-03  -1.13098230E-03  -2.99216423E-04   6.83345192E-04
   6.83345192E-04   5.20266651E-04   5.55437233E-04   9.95637616E-04   2.05274974E-03   3.92495468E-03   7.09997397E-03   3.33752134E-03   2.61105387E-03   1.43833156E-03   2.12691282E-03   2.49317824E-03   2.95545207E-03   3.11202742E-03   3.18199955E-03   3.05160973E-03   2.82006478E-03   2.35907175E-03   1.88293797E-03   1.10667606E-03   1.07931579E-03   1.21767377E-03   4.10199817E-03   4.26162686E-03   6.00219239E-03   1.61008793E-03  -6.32867101E-04  -1.60968991E-03  -1.70210563E-03  -1.20280311E-03  -3.44404310E-04   6.83345192E-04
   6.83345192E-04   5.67117881E-04   6.70769252E-04   1.22277869E-03   2.46100104E-03   4.59231995E-03   7.46708736E-03   2.05365568E-03   0.00000000       0.00000000       0.00000000       0.00000000       0.00000000       0.00000000       0.00000000       0.00000000       0.00000000       0.00000000       0.00000000       0.00000000       0.00000000       0.00000000       2.97896774E-03   4.34912369E-03   6.57478673E-03   2.19001388E-03  -3.92835966E-04  -1.53938658E-03  -1.70090771E-03  -1.22139021E-03  -3.58539488E-04   6.83345192E-04
   6.83345192E-04   5.37523883E-04   6.10292773E-04   1.12283253E-03   2.29312852E-03   4.30434570E-03   7.23982975E-03   3.03005823E-03   1.37642887E-03   0.00000000       0.00000000       0.00000000       0.00000000       0.00000000       0.00000000       0.00000000       0.00000000       0.00000000       0.00000000       0.00000000       0.00000000       8.13202700E-04   4.12928499E-03   4.41324199E-03   6.12993818E-03   1.91255775E-03  -4.93969594E-04  -1.55973434E-03  -1.69112720E-03  -1.20576413E-03  -3.48477799E-04   6.83345192E-04
   6.83345192E-04   4.34751622E-04   3.87004926E-04   7.38923321E-04   1.68743287E-03   3.44397104E-03   6.31460547E-03   4.12261300E-03   4.39042551E-03   3.57283745E-03   3.97086749E-03   4.01672628E-03   4.28154599E-03   4.38588671E-03   4.51810891E-03   4.58755717E-03   4.72624041E-03   4.80026519E-03   5.05701359E-03   4.97914851E-03   5.25100389E-03   4.76029422E-03   5.57233859E-03   4.05669678E-03   5.02968254E-03   1.24248618E-03  -7.84316449E-04  -1.62521994E-03  -1.65757444E-03  -1.15064380E-03  -3.12417396E-04   6.83345192E-04
   6.83345192E-04   2.92653509E-04   8.04305528E-05   2.14883388E-04   8.43645423E-04   2.09491793E-03   4.16909019E-03   2.46897643E-03   2.77407165E-03   1.87709311E-03   2.05748971E-03   2.11698236E-03   2.51147337E-03   2.71004718E-03   2.76627275E-03   2.79245735E-03   3.00003169E-03   3.35320365E-03   3.99629259E-03   4.34131362E-03   4.81445529E-03   4.38092463E-03   4.48699063E-03   2.63019302E-03   3.35672149E-03   4.18329029E-04  -1.05363689E-03  -1.61857880E-03  -1.54940248E-03  -1.03830663E-03  -2.46034295E-04   6.83345192E-04
   6.83345192E-04   1.56398804E-04  -2.02177049E-04  -2.37641667E-04   1.72377564E-04   1.07987714E-03   2.30688439E-03   0.00000000       0.00000000       0.00000000       0.00000000       0.00000000       0.00000000       0.00000000       0.00000000       0.00000000       0.00000000       0.00000000       0.00000000       8.48841271E-04   1.90153345E-03   1.82113121E-03   2.18720012E-03   8.48592608E-04   1.91248511E-03   0.00000000      -1.03617355E-03  -1.43235491E-03  -1.33045169E-03  -8.60532746E-04  -1.48620311E-04   6.83345192E-04
   6.83345192E-04   5.71479213E-05  -3.91372421E-04  -4.94033389E-04  -1.08767767E-04   8.54102662E-04   2.47424841E-03   5.88985742E-04   5.75430226E-04   0.00000000       0.00000000       0.00000000       0.00000000       0.00000000       0.00000000       0.00000000       0.00000000       0.00000000       0.00000000       0.00000000       7.22236000E-05   0.00000000       5.04521886E-04   0.00000000       9.35608405E-04   0.00000000      -7.73752399E-04  -1.10786851E-03  -1.03214639E-03  -6.38154859E-04  -3.06251823E-05   6.83345192E-04
   6.83345192E-04   1.01206820E-06  -4.77724243E-04  -5.41584450E-04   3.75441741E-05   1.51324819E-03   4.09592455E-03   2.92433472E-03   3.24631995E-03   1.67947821E-03   1.65538676E-03   1.57496845E-03   1.91951077E-03   1.83216797E-03   1.40255014E-03   8.12968123E-04   7.95753906E-04   1.35106791E-03   1.99452532E-03   1.09348958E-03   4.99248272E-04   0.00000000       0.00000000       0.00000000       6.38814759E-04   0.00000000      -5.34736551E-04  -7.89128593E-04  -7.32147484E-04  -4.12916124E-04   8.87821370E-05   6.83345192E-04
   6.83345192E-04  -2.94506717E-05  -5.18149405E-04  -5.40346140E-04   1.81139359E-04   1.96885550E-03   5.30461594E-03   4.08418104E-03   3.32098734E-03   0.00000000       0.00000000       0.00000000       0.00000000       0.00000000       0.00000000       0.00000000       0.00000000       2.12348881E-03   4.00603795E-03   2.88820453E-03   1.33050431E-03   0.00000000       0.00000000       0.00000000       2.77322135E-04   0.00000000      -3.59285012E-04  -5.36659500E-04  -4.81191266E-04  -2.18187415E-04   1.94136242E-04   6.83345192E-04
   6.83345192E-04  -4.85055098E-05  -5.51309728E-04  -5.66794537E-04   2.33963976E-04   2.29422958E-03   5.87087730E-03   4.43063118E-03   3.18384473E-03   0.00000000       0.00000000       0.00000000       0.00000000       0.00000000       0.00000000       0.00000000       0.00000000       2.54511833E-03   4.89476928E-03   3.79570690E-03   2.00951891E-03   3.21569387E-05   1.52359717E-05   0.00000000       4.85860044E-04   0.00000000      -2.60417029E-04  -3.63483676E-04  -2.93592311E-04  -6.59872458E-05   2.78091116E-04   6.83345192E-04
   6.83345192E-04  -5.72852368E-05  -5.88400639E-04  -6.85954175E-04  -9.84661310E-05   1.50302052E-03   5.25875203E-03   4.15516738E-03   4.07742569E-03   1.97977223E-03   2.01212522E-03   2.13942491E-03   2.57593160E-03   2.58149789E-03   2.38714460E-03   2.11435952E-03   2.45010387E-03   3.65965278E-03   4.76131262E-03   3.36399651E-03   1.63472607E-03   0.00000000       0.00000000       0.00000000       1.47203449E-04   0.00000000      -1.85251396E-04  -2.42609269E-04  -1.59520147E-04   4.62661556E-05   3.41377629E-04   6.83345192E-04
   6.83345192E-04  -3.69326808E-05  -5.62116213E-04  -6.69289671E-04  -4.63307842E-05   1.79486070E-03   4.68876865E-03   4.43634810E-03   5.94405178E-03   5.94173884E-03   6.69186283E-03   6.95603993E-03   7.24133709E-03   7.24391267E-03   7.09955208E-03   6.68736827E-03   6.24277350E-03   5.65487286E-03   4.94714500E-03   3.05619906E-03   1.59627222E-03   0.00000000       7.99542759E-05   0.00000000       4.95536486E-04   0.00000000      -1.52006280E-04  -1.64818615E-04  -6.51317387E-05   1.27960477E-04   3.88045621E-04   6.83345192E-04
   6.83345192E-04   6.68708253E-06  -5.08100726E-04  -7.18257157E-04  -5.50315890E-04   0.00000000       2.44870177E-03   2.01090891E-03   3.72799789E-03   3.97559861E-03   4.69416566E-03   4.85123694E-03   5.06598875E-03   5.00720926E-03   4.93189180E-03   4.63911844E-03   4.18478623E-03   3.36503563E-03   2.47543771E-03   9.75052943E-04   1.37662748E-04   0.00000000       0.00000000       0.00000000       0.00000000       0.00000000      -1.05692772E-04  -9.86461091E-05   8.70528493E-06   1.91034109E-04   4.24134923E-04   6.83345192E-04
   6.83345192E-04   7.81340059E-05  -3.55528115E-04  -4.15005663E-04   1.83076161E-04   1.75723969E-03   2.99462909E-03   2.49808328E-03   3.98176350E-03   4.30786703E-03   4.95795719E-03   5.10142185E-03   5.29021397E-03   5.28753595E-03   5.18362038E-03   4.85770963E-03   4.46994416E-03   3.69810453E-03   2.86679249E-03   1.66558463E-03   1.18012924E-03   2.18284957E-04   4.80637769E-04   0.00000000       6.17149519E-04   0.00000000      -9.21359315E-05  -4.74193803E-05   7.21118195E-05   2.45368981E-04   4.55091882E-04   6.83345192E-04
   6.83345192E-04   1.15831557E-04  -3.28634720E-04  -5.34457038E-04  -4.22842626E-04   0.00000000       1.17467344E-03   0.00000000       7.44973251E-04   3.47497407E-04   9.93701047E-04   9.08239163E-04   1.11963041E-03   1.01745909E-03   1.03128958E-03   8.68695905E-04   6.64743071E-04   9.68685781E-05   0.00000000       0.00000000       0.00000000       0.00000000       0.00000000       0.00000000       0.00000000       0.00000000      -2.61598361E-05   2.71503704E-05   1.42281060E-04   2.99958832E-04   4.84911958E-04   6.83345192E-04
   6.83345192E-04   1.43399811E-04  -3.20629304E-04  -6.45861495E-04  -7.96311710E-04  -7.56995752E-04  -4.95138520E-04  -1.15682022E-03  -1.21613103E-03  -1.52802921E-03  -1.38903421E-03  -1.43492222E-03  -1.37614668E-03  -1.41161797E-03  -1.39822718E-03  -1.43767393E-03  -1.49971922E-03  -1.62525545E-03  -1.44037313E-03  -1.09368679E-03  -7.60220282E-04  -4.72632848E-04  -3.05501715E-04  -1.86202669E-04  -1.34223767E-04  -4.69163315E-05   1.45673894E-05   9.79000906E-05   2.12932850E-04   3.54563323E-04   5.14371030E-04   6.83345192E-04
   6.83345192E-04   1.91024505E-04  -2.56942294E-04  -6.25542190E-04  -8.96704965E-04  -1.07432459E-03  -1.22232526E-03  -1.67902024E-03  -1.98402070E-03  -2.27885740E-03  -2.37305486E-03  -2.45056162E-03  -2.46560085E-03  -2.47761048E-03  -2.45345081E-03  -2.42044474E-03  -2.36359867E-03  -2.25403486E-03  -1.95596134E-03  -1.53021410E-03  -1.09671243E-03  -7.20240641E-04  -4.51963773E-04  -2.62469926E-04  -1.37906507E-04  -2.06648201E-05   7.82949137E-05   1.77405294E-04   2.87739385E-04   4.11030458E-04   5.44470269E-04   6.83345192E-04
   6.83345192E-04   2.72282836E-04  -1.13824208E-04  -4.56281094E-04  -7.48069375E-04  -1.00056978E-03  -1.26096769E-03  -1.62153598E-03  -1.94090023E-03  -2.20899913E-03  -2.36945855E-03  -2.46865908E-03  -2.51063448E-03  -2.51795934E-03  -2.48630019E-03  -2.42094579E-03  -2.30936776E-03  -2.12445622E-03  -1.82107871E-03  -1.43235619E-03  -1.03080634E-03  -6.73981267E-04  -3.96263145E-04  -1.91342580E-04  -4.33315618E-05   7.85382872E-05   1.81360519E-04   2.76232895E-04   3.71794245E-04   4.71722888E-04   5.76187100E-04   6.83345192E-04
   6.83345192E-04   3.87350825E-04   1.04435429E-04  -1.56278824E-04  -3.92945862E-04  -6.14681398E-04  -8.44657130E-04  -1.10595266E-03  -1.35060702E-03  -1.55460055E-03  -1.69635913E-03  -1.78497506E-03  -1.82625488E-03  -1.83228962E-03  -1.80387998E-03  -1.73951243E-03  -1.63258961E-03  -1.46701653E-03  -1.22955278E-03  -9.40830098E-04  -6.42618397E-04  -3.72105744E-04  -1.52700493E-04   1.49829257E-05   1.40619537E-04   2.40571360E-04   3.23262560E-04   3.96801304E-04   4.67247097E-04   5.37964399E-04   6.10113319E-04   6.83345192E-04
   6.83345192E-04   5.28383651E-04   3.78963683E-04   2.38707958E-04   1.07833046E-04  -1.81186533E-05  -1.47774088E-04  -2.86254945E-04  -4.17067495E-04  -5.26640448E-04  -6.06776855E-04  -6.57914148E-04  -6.82493323E-04  -6.85848645E-04  -6.69397181E-04  -6.30912313E-04  -5.67975629E-04  -4.73382970E-04  -3.44953034E-04  -1.92461928E-04  -3.47242822E-05   1.09564571E-04   2.29098761E-04   3.22412699E-04   3.93503491E-04   4.49344603E-04   4.95130953E-04   5.35115949E-04   5.72489167E-04   6.09196024E-04   6.46112370E-04   6.83345192E-04
   6.83345192E-04   6.83345192E-04   6.83345192E-04   6.83345192E-04   6.83345192E-04   6.83345192E-04   6.83345192E-04   6.83345192E-04   6.83345192E-04   6.83345192E-04   6.83345192E-04   6.83345192E-04   6.83345192E-04   6.83345192E-04   6.83345192E-04   6.83345192E-04   6.83345192E-04   6.83345192E-04   6.83345192E-04   6.83345192E-04   6.83345192E-04   6.83345192E-04   6.83345192E-04   6.83345192E-04   6.83345192E-04   6.83345192E-04   6.83345192E-04   6.83345192E-04   6.83345192E-04   6.83345192E-04   6.83345192E-04   6.83345192E-04
