public/static/data/moho35blk.grd
DSAA
106 120
-372000 472000
-397000 556000
-362.02536 186.869308
[rows 87 to 115 of 120, columns 0 to 65 of 106]
-71.92 -76.38 -81.12 -86.02 -91 -95.96 -100.8 -105.5 -110.1 -114.4 -118.6 -122.5 -126.3 -129.8 -133 -136.1 -138.9 -141.5 -143.8 -146 -147.9 -149.6 -151.2 -152.5 -153.7 -154.7 -155.6 -156.3 -156.8 -157.3 -157.6 -157.8 -158 -158 -157.9 -157.7 -157.3 -156.9 -156.3 -155.6 -154.8 -153.8 -152.6 -151.3 -149.8 -148.2 -146.5 -144.7 -142.9 -141.2 -139.5 -137.9 -136.4 -135 -133.6 -132.2 -130.7 -129.2 -127.6 -125.9 -124 -121.9 -119.6 -117.1 -114.3 -111.2
-78.12 -82.59 -87.3 -92.16 -97.08 -102 -106.8 -111.4 -115.9 -120.2 -124.3 -128.1 -131.8 -135.2 -138.4 -141.4 -144.1 -146.6 -148.9 -151 -152.8 -154.5 -155.9 -157.2 -158.3 -159.2 -159.9 -160.6 -161 -161.4 -161.6 -161.8 -161.8 -161.7 -161.5 -161.2 -160.8 -160.3 -159.7 -158.9 -158 -156.9 -155.7 -154.3 -152.8 -151.1 -149.3 -147.5 -145.7 -143.9 -142.2 -140.5 -138.9 -137.4 -135.9 -134.4 -132.9 -131.2 -129.5 -127.6 -125.5 -123.2 -120.7 -117.9 -114.9 -111.6
-84.38 -88.85 -93.53 -98.34 -103.2 -108 -112.7 -117.3 -121.7 -125.9 -129.9 -133.7 -137.2 -140.6 -143.7 -146.6 -149.2 -151.7 -153.9 -155.8 -157.6 -159.1 -160.5 -161.7 -162.7 -163.5 -164.2 -164.7 -165.1 -165.3 -165.5 -165.5 -165.4 -165.2 -164.9 -164.6 -164.1 -163.5 -162.8 -162 -161 -159.9 -158.6 -157.2 -155.6 -153.9 -152.1 -150.2 -148.3 -146.5 -144.7 -142.9 -141.3 -139.7 -138.1 -136.4 -134.7 -132.9 -131 -128.9 -126.6 -124.2 -121.4 -118.5 -115.3 -111.9
-90.72 -95.19 -99.84 -104.6 -109.4 -114.1 -118.7 -123.2 -127.5 -131.6 -135.5 -139.2 -142.7 -145.9 -148.9 -151.7 -154.3 -156.6 -158.7 -160.6 -162.2 -163.7 -165 -166 -166.9 -167.7 -168.2 -168.6 -168.9 -169.1 -169.1 -169 -168.8 -168.6 -168.2 -167.7 -167.1 -166.5 -165.7 -164.8 -163.8 -162.7 -161.4 -159.9 -158.3 -156.5 -154.7 -152.8 -150.8 -148.9 -147 -145.2 -143.5 -141.7 -140 -138.2 -136.4 -134.4 -132.3 -130 -127.5 -124.8 -121.9 -118.8 -115.5 -111.9
-97.18 -101.6 -106.2 -110.9 -115.6 -120.3 -124.8 -129.2 -133.4 -137.3 -141.1 -144.7 -148.1 -151.2 -154.1 -156.8 -159.2 -161.5 -163.5 -165.2 -166.8 -168.1 -169.3 -170.2 -171 -171.6 -172.1 -172.4 -172.6 -172.6 -172.5 -172.4 -172.1 -171.7 -171.2 -170.6 -170 -169.3 -168.4 -167.5 -166.4 -165.2 -163.9 -162.4 -160.8 -159 -157.2 -155.3 -153.3 -151.3 -149.4 -147.5 -145.6 -143.7 -141.8 -139.9 -137.9 -135.7 -133.4 -130.9 -128.2 -125.3 -122.2 -119 -115.5 -111.8
-103.8 -108.2 -112.8 -117.4 -122 -126.5 -130.9 -135.2 -139.2 -143.1 -146.8 -150.2 -153.5 -156.5 -159.3 -161.8 -164.1 -166.2 -168.1 -169.8 -171.2 -172.4 -173.5 -174.3 -175 -175.5 -175.8 -176 -176.1 -176 -175.8 -175.5 -175.1 -174.6 -174 -173.4 -172.7 -171.8 -171 -170 -168.9 -167.6 -166.3 -164.8 -163.2 -161.4 -159.6 -157.6 -155.7 -153.7 -151.7 -149.7 -147.7 -145.7 -143.6 -141.5 -139.2 -136.9 -134.3 -131.6 -128.7 -125.6 -122.4 -118.9 -115.3 -111.5
-110.6 -115 -119.5 -124 -128.5 -132.9 -137.2 -141.3 -145.2 -148.9 -152.4 -155.8 -158.8 -161.7 -164.4 -166.8 -169 -170.9 -172.7 -174.2 -175.5 -176.6 -177.5 -178.3 -178.8 -179.2 -179.4 -179.5 -179.4 -179.2 -178.9 -178.5 -178 -177.4 -176.7 -175.9 -175.1 -174.2 -173.3 -172.2 -171.1 -169.9 -168.5 -167 -165.4 -163.7 -161.9 -160 -158 -156 -153.9 -151.8 -149.7 -147.6 -145.3 -143 -140.6 -138 -135.2 -132.2 -129.1 -125.8 -122.4 -118.8 -115 -111.2
-117.7 -122 -126.4 -130.8 -135.2 -139.4 -143.5 -147.5 -151.3 -154.8 -158.2 -161.3 -164.3 -167 -169.5 -171.7 -173.8 -175.6 -177.2 -178.6 -179.7 -180.7 -181.5 -182.1 -182.5 -182.8 -182.8 -182.8 -182.6 -182.3 -181.8 -181.3 -180.7 -179.9 -179.2 -178.3 -177.4 -176.4 -175.4 -174.3 -173.2 -171.9 -170.6 -169.1 -167.6 -165.9 -164.1 -162.2 -160.3 -158.2 -156.1 -154 -151.8 -149.5 -147.1 -144.5 -141.8 -139 -136 -132.8 -129.4 -125.9 -122.3 -118.5 -114.7 -110.7
-125 -129.3 -133.6 -137.9 -142.1 -146.1 -150.1 -153.9 -157.4 -160.8 -164 -166.9 -169.7 -172.2 -174.5 -176.6 -178.5 -180.2 -181.6 -182.9 -183.9 -184.7 -185.4 -185.8 -186.1 -186.2 -186.2 -186 -185.6 -185.2 -184.6 -183.9 -183.2 -182.4 -181.5 -180.5 -179.5 -178.5 -177.4 -176.3 -175.1 -173.8 -172.5 -171.1 -169.6 -168 -166.2 -164.4 -162.5 -160.5 -158.3 -156.1 -153.8 -151.3 -148.7 -146 -143 -140 -136.7 -133.3 -129.7 -126 -122.1 -118.2 -114.2 -110.1
-132.6 -136.8 -141 -145.2 -149.2 -153.1 -156.8 -160.4 -163.7 -166.9 -169.9 -172.6 -175.2 -177.5 -179.6 -181.6 -183.2 -184.7 -186 -187.1 -188 -188.6 -189.1 -189.5 -189.6 -189.6 -189.4 -189 -188.6 -188 -187.3 -186.5 -185.6 -184.6 -183.6 -182.6 -181.5 -180.4 -179.2 -178.1 -176.9 -175.6 -174.3 -172.9 -171.5 -169.9 -168.3 -166.5 -164.6 -162.6 -160.5 -158.2 -155.7 -153.1 -150.3 -147.4 -144.2 -140.9 -137.3 -133.6 -129.8 -125.9 -121.8 -117.7 -113.6 -109.5
-140.5 -144.7 -148.8 -152.7 -156.6 -160.3 -163.8 -167.1 -170.2 -173.2 -175.9 -178.4 -180.8 -182.9 -184.8 -186.5 -188 -189.3 -190.4 -191.3 -192 -192.5 -192.8 -193 -193 -192.8 -192.5 -192 -191.4 -190.7 -189.9 -188.9 -187.9 -186.8 -185.7 -184.5 -183.3 -182.1 -180.9 -179.7 -178.5 -177.3 -176 -174.7 -173.3 -171.8 -170.2 -168.5 -166.6 -164.6 -162.5 -160.1 -157.6 -154.8 -151.9 -148.7 -145.3 -141.7 -137.9 -133.9 -129.9 -125.7 -121.5 -117.2 -112.9 -108.6
-148.8 -152.9 -156.8 -160.6 -164.2 -167.7 -171 -174.1 -176.9 -179.6 -182.1 -184.3 -186.4 -188.3 -190 -191.4 -192.7 -193.8 -194.7 -195.4 -196 -196.3 -196.5 -196.5 -196.4 -196 -195.6 -194.9 -194.2 -193.3 -192.3 -191.3 -190.1 -188.9 -187.6 -186.4 -185.1 -183.8 -182.5 -181.3 -180 -178.8 -177.5 -176.2 -174.9 -173.5 -171.9 -170.3 -168.5 -166.5 -164.3 -161.9 -159.2 -156.4 -153.2 -149.8 -146.2 -142.4 -138.3 -134.1 -129.8 -125.4 -120.9 -116.5 -112 -107.6
-157.5 -161.4 -165.2 -168.8 -172.2 -175.4 -178.4 -181.2 -183.8 -186.2 -188.4 -190.4 -192.2 -193.8 -195.2 -196.5 -197.5 -198.4 -199.1 -199.6 -199.9 -200.1 -200.1 -200 -199.7 -199.2 -198.6 -197.8 -196.9 -195.9 -194.8 -193.6 -192.3 -190.9 -189.5 -188.1 -186.7 -185.4 -184 -182.7 -181.4 -180.2 -178.9 -177.7 -176.4 -175 -173.5 -171.9 -170.1 -168.1 -165.9 -163.5 -160.7 -157.7 -154.4 -150.8 -146.9 -142.8 -138.6 -134.1 -129.5 -124.9 -120.2 -115.6 -111 -106.4
-166.5 -170.3 -173.9 -177.3 -180.5 -183.4 -186.2 -188.7 -191 -193 -194.9 -196.6 -198.1 -199.5 -200.6 -201.6 -202.4 -203 -203.5 -203.8 -203.9 -203.9 -203.7 -203.4 -202.9 -202.3 -201.6 -200.7 -199.6 -198.5 -197.2 -195.8 -194.4 -192.9 -191.4 -189.9 -188.3 -186.9 -185.4 -184 -182.7 -181.4 -180.2 -178.9 -177.7 -176.3 -174.9 -173.3 -171.5 -169.5 -167.3 -164.8 -161.9 -158.8 -155.3 -151.5 -147.4 -143.1 -138.5 -133.9 -129.1 -124.2 -119.3 -114.5 -109.7 -105
-175.8 -179.5 -183 -186.2 -189.1 -191.7 -194.2 -196.3 -198.3 -200.1 -201.6 -203 -204.2 -205.2 -206.1 -206.8 -207.3 -207.7 -207.9 -208 -207.9 -207.7 -207.4 -206.9 -206.2 -205.5 -204.5 -203.5 -202.3 -201 -199.6 -198.1 -196.5 -194.9 -193.2 -191.6 -189.9 -188.3 -186.8 -185.3 -183.9 -182.6 -181.3 -180.1 -178.8 -177.5 -176 -174.4 -172.7 -170.6 -168.4 -165.7 -162.8 -159.5 -155.8 -151.9 -147.6 -143 -138.2 -133.3 -128.3 -123.2 -118.1 -113.1 -108.1 -103.3
-185.5 -189.1 -192.4 -195.3 -198 -200.3 -202.4 -204.3 -205.9 -207.4 -208.6 -209.6 -210.5 -211.2 -211.7 -212.1 -212.3 -212.4 -212.4 -212.2 -211.9 -211.5 -211 -210.3 -209.5 -208.6 -207.5 -206.3 -205 -203.6 -202 -200.4 -198.6 -196.9 -195.1 -193.3 -191.5 -189.8 -188.1 -186.5 -185.1 -183.7 -182.3 -181 -179.7 -178.4 -176.9 -175.3 -173.5 -171.4 -169.1 -166.3 -163.3 -159.8 -156 -151.8 -147.3 -142.6 -137.6 -132.4 -127.2 -121.9 -116.6 -111.4 -106.3 -101.3
-195.5 -198.9 -202 -204.7 -207.1 -209.2 -211 -212.5 -213.8 -214.9 -215.8 -216.4 -216.9 -217.3 -217.5 -217.5 -217.4 -217.3 -217 -216.6 -216 -215.4 -214.7 -213.8 -212.9 -211.8 -210.6 -209.2 -207.8 -206.2 -204.5 -202.7 -200.8 -198.9 -196.9 -195 -193 -191.2 -189.4 -187.7 -186.1 -184.6 -183.2 -181.8 -180.5 -179 -177.5 -175.9 -174 -171.8 -169.4 -166.5 -163.3 -159.7 -155.7 -151.4 -146.7 -141.7 -136.5 -131.2 -125.7 -120.2 -114.8 -109.4 -104.1 -98.94
-205.7 -209.1 -212 -214.5 -216.6 -218.4 -219.8 -221 -222 -222.7 -223.2 -223.5 -223.6 -223.6 -223.4 -223.1 -222.7 -222.3 -221.7 -221 -220.2 -219.4 -218.5 -217.4 -216.3 -215 -213.7 -212.2 -210.6 -208.8 -207 -205 -203 -200.9 -198.8 -196.7 -194.7 -192.6 -190.7 -188.9 -187.1 -185.5 -184 -182.5 -181 -179.5 -177.9 -176.1 -174.1 -171.8 -169.2 -166.3 -162.9 -159.1 -155 -150.4 -145.5 -140.4 -135 -129.4 -123.8 -118.1 -112.5 -107 -101.5 -96.25
-216.2 -219.5 -222.2 -224.5 -226.3 -227.8 -228.9 -229.8 -230.4 -230.7 -230.8 -230.7 -230.5 -230.1 -229.6 -228.9 -228.2 -227.4 -226.5 -225.6 -224.6 -223.5 -222.3 -221.1 -219.8 -218.3 -216.8 -215.2 -213.4 -211.5 -209.6 -207.5 -205.3 -203.1 -200.8 -198.6 -196.3 -194.1 -192 -190 -188.1 -186.3 -184.6 -183 -181.4 -179.7 -177.9 -176 -173.8 -171.4 -168.6 -165.5 -162 -158 -153.7 -148.9 -143.9 -138.5 -132.9 -127.2 -121.4 -115.6 -109.8 -104.2 -98.59 -93.2
-227 -230.1 -232.6 -234.7 -236.2 -237.4 -238.3 -238.8 -239 -238.9 -238.7 -238.2 -237.6 -236.8 -235.9 -234.9 -233.9 -232.7 -231.5 -230.3 -229 -227.7 -226.3 -224.9 -223.4 -221.8 -220.1 -218.3 -216.4 -214.4 -212.2 -210 -207.7 -205.3 -202.9 -200.4 -198 -195.7 -193.4 -191.2 -189.1 -187.1 -185.2 -183.3 -181.5 -179.6 -177.7 -175.5 -173.2 -170.5 -167.6 -164.3 -160.5 -156.4 -151.8 -146.9 -141.7 -136.1 -130.4 -124.5 -118.6 -112.7 -106.7 -100.9 -95.27 -89.78
-237.9 -240.8 -243.2 -245 -246.4 -247.3 -247.8 -248 -247.8 -247.4 -246.8 -246 -244.9 -243.8 -242.5 -241.2 -239.7 -238.3 -236.7 -235.2 -233.6 -232 -230.4 -228.8 -227.1 -225.3 -223.4 -221.5 -219.4 -217.3 -215 -212.6 -210.1 -207.6 -205 -202.4 -199.8 -197.2 -194.7 -192.3 -190 -187.8 -185.6 -183.6 -181.5 -179.3 -177.1 -174.7 -172.1 -169.3 -166.1 -162.5 -158.6 -154.2 -149.4 -144.3 -138.9 -133.2 -127.3 -121.3 -115.3 -109.2 -103.2 -97.32 -91.57 -86.01
-248.9 -251.8 -254 -255.6 -256.6 -257.3 -257.5 -257.3 -256.9 -256.1 -255.1 -253.9 -252.5 -251 -249.4 -247.6 -245.8 -244 -242.1 -240.3 -238.4 -236.5 -234.7 -232.8 -230.9 -228.9 -226.9 -224.8 -222.6 -220.3 -217.9 -215.3 -212.7 -210 -207.2 -204.4 -201.6 -198.9 -196.1 -193.5 -190.9 -188.4 -186 -183.6 -181.2 -178.8 -176.3 -173.6 -170.7 -167.6 -164.1 -160.3 -156.1 -151.5 -146.5 -141.2 -135.6 -129.8 -123.8 -117.7 -111.5 -105.4 -99.28 -93.32 -87.51 -81.9
-260 -262.7 -264.8 -266.1 -267 -267.3 -267.3 -266.8 -266 -265 -263.6 -262.1 -260.3 -258.4 -256.4 -254.3 -252.1 -249.9 -247.7 -245.5 -243.4 -241.2 -239.1 -237 -234.9 -232.7 -230.5 -228.2 -225.9 -223.4 -220.8 -218.1 -215.4 -212.5 -209.5 -206.5 -203.5 -200.5 -197.6 -194.6 -191.8 -189 -186.2 -183.5 -180.8 -178.1 -175.2 -172.2 -169 -165.5 -161.7 -157.6 -153.2 -148.3 -143.2 -137.7 -131.9 -125.9 -119.8 -113.5 -107.3 -101.1 -94.96 -88.95 -83.12 -77.5
-271.2 -273.8 -275.6 -276.8 -277.4 -277.4 -277.1 -276.4 -275.3 -273.9 -272.3 -270.4 -268.3 -266.1 -263.7 -261.2 -258.7 -256.1 -253.6 -251 -248.5 -246.1 -243.7 -241.3 -239 -236.6 -234.2 -231.8 -229.2 -226.6 -223.9 -221 -218.1 -215 -211.9 -208.7 -205.5 -202.2 -199 -195.8 -192.6 -189.5 -186.4 -183.3 -180.2 -177.1 -173.9 -170.5 -166.9 -163.1 -159 -154.6 -149.8 -144.7 -139.3 -133.6 -127.7 -121.6 -115.3 -109 -102.7 -96.46 -90.3 -84.28 -78.45 -72.85
-282.2 -284.7 -286.3 -287.3 -287.7 -287.5 -286.9 -285.9 -284.6 -282.9 -281 -278.8 -276.4 -273.8 -271.1 -268.3 -265.4 -262.5 -259.6 -256.7 -253.9 -251.1 -248.4 -245.8 -243.2 -240.6 -238 -235.4 -232.7 -229.9 -227 -224 -220.9 -217.7 -214.3 -210.9 -207.4 -203.9 -200.4 -196.9 -193.4 -189.9 -186.4 -183 -179.5 -176 -172.3 -168.6 -164.6 -160.4 -155.9 -151.2 -146.1 -140.8 -135.1 -129.2 -123.1 -116.9 -110.5 -104.2 -97.81 -91.53 -85.37 -79.38 -73.58 -68.01
-293.2 -295.5 -297 -297.7 -297.8 -297.5 -296.6 -295.4 -293.8 -291.9 -289.7 -287.2 -284.6 -281.7 -278.7 -275.5 -272.3 -269 -265.7 -262.5 -259.3 -256.3 -253.3 -250.4 -247.6 -244.8 -242 -239.1 -236.2 -233.3 -230.2 -227.1 -223.8 -220.3 -216.8 -213.1 -209.4 -205.6 -201.8 -197.9 -194.1 -190.2 -186.4 -182.5 -178.6 -174.7 -170.6 -166.4 -162 -157.4 -152.6 -147.5 -142.1 -136.5 -130.6 -124.5 -118.2 -111.8 -105.4 -99.02 -92.66 -86.4 -80.27 -74.31 -68.57 -63.07
-303.8 -306 -307.3 -307.9 -307.8 -307.2 -306.1 -304.7 -302.9 -300.7 -298.3 -295.6 -292.7 -289.6 -286.2 -282.8 -279.2 -275.6 -272 -268.4 -264.9 -261.5 -258.3 -255.1 -252 -249 -246 -242.9 -239.9 -236.7 -233.5 -230.1 -226.7 -223 -219.3 -215.4 -211.4 -207.3 -203.1 -198.9 -194.7 -190.5 -186.3 -182 -177.7 -173.3 -168.8 -164.1 -159.3 -154.3 -149.1 -143.6 -137.9 -131.9 -125.8 -119.5 -113.1 -106.6 -100.1 -93.71 -87.36 -81.14 -75.08 -69.2 -63.53 -58.11
-314.3 -316.3 -317.4 -317.7 -317.4 -316.6 -315.3 -313.7 -311.7 -309.4 -306.8 -303.9 -300.7 -297.3 -293.8 -290 -286.1 -282.2 -278.3 -274.4 -270.6 -266.9 -263.3 -259.9 -256.5 -253.2 -250 -246.8 -243.5 -240.2 -236.8 -233.2 -229.6 -225.7 -221.7 -217.6 -213.3 -208.9 -204.4 -199.9 -195.3 -190.7 -186 -181.3 -176.6 -171.7 -166.8 -161.7 -156.5 -151 -145.4 -139.5 -133.5 -127.3 -120.9 -114.4 -107.8 -101.3 -94.74 -88.32 -82.02 -75.88 -69.92 -64.14 -58.57 -53.23
-324 -325.9 -327 -327.1 -326.7 -325.6 -324.2 -322.3 -320.2 -317.7 -314.9 -311.9 -308.5 -304.9 -301.1 -297.1 -293 -288.8 -284.5 -280.3 -276.2 -272.2 -268.3 -264.6 -261 -257.5 -254 -250.6 -247.1 -243.6 -240 -236.3 -232.4 -228.4 -224.2 -219.8 -215.2 -210.5 -205.7 -200.8 -195.8 -190.8 -185.7 -180.6 -175.4 -170.1 -164.8 -159.2 -153.6 -147.7 -141.7 -135.4 -129.1 -122.5 -115.9 -109.2 -102.5 -95.89 -89.35 -82.96 -76.75 -70.73 -64.89 -59.25 -53.8 -48.56
