public/static/data/moho35blk.grd
DSAA
106 120
-372000 472000
-397000 556000
-362.02536 186.869308
[rows 58 to 86 of 120, columns 0 to 65 of 106]
102.7 99.14 95.14 90.94 86.79 82.85 79.17 75.74 72.45 69.15 65.69 61.97 57.93 53.64 49.2 44.8 40.55 36.5 32.64 28.88 25.1 21.21 17.16 12.94 8.597 4.202 -0.1453 -4.34 -8.286 -11.91 -15.17 -18.06 -20.63 -22.96 -25.14 -27.29 -29.51 -31.88 -34.44 -37.21 -40.16 -43.25 -46.39 -49.49 -52.45 -55.17 -57.55 -59.52 -61.04 -62.06 1.70141e38 1.70141e38 1.70141e38 1.70141e38 1.70141e38 1.70141e38 1.70141e38 1.70141e38 1.70141e38 1.70141e38 1.70141e38 1.70141e38 1.70141e38 1.70141e38 1.70141e38 1.70141e38
97.3 93.76 89.76 85.57 81.41 77.46 73.77 70.33 67.05 63.8 60.45 56.91 53.1 49.05 44.83 40.53 36.25 32.03 27.88 23.75 19.61 15.4 11.11 6.748 2.361 -1.988 -6.221 -10.25 -14.01 -17.44 -20.52 -23.25 -25.69 -27.91 -30.02 -32.11 -34.27 -36.6 -39.12 -41.86 -44.77 -47.82 -50.93 -54.01 -56.95 -59.65 -62.04 -64.04 1.70141e38 1.70141e38 1.70141e38 1.70141e38 1.70141e38 1.70141e38 1.70141e38 1.70141e38 1.70141e38 1.70141e38 1.70141e38 1.70141e38 1.70141e38 1.70141e38 1.70141e38 1.70141e38 1.70141e38 1.70141e38
91.77 88.22 84.21 79.99 75.8 71.79 68.05 64.55 61.22 57.95 54.63 51.16 47.49 43.6 39.52 35.32 31.05 26.75 22.44 18.12 13.78 9.414 5.026 0.6408 -3.7 -7.941 -12.02 -15.87 -19.44 -22.69 -25.61 -28.22 -30.57 -32.73 -34.81 -36.88 -39.05 -41.38 -43.9 -46.62 -49.52 -52.55 -55.63 -58.68 -61.6 -64.29 -66.68 -68.7 1.70141e38 1.70141e38 1.70141e38 1.70141e38 1.70141e38 1.70141e38 1.70141e38 1.70141e38 1.70141e38 1.70141e38 1.70141e38 1.70141e38 1.70141e38 1.70141e38 1.70141e38 1.70141e38 1.70141e38 1.70141e38
86.13 82.56 78.51 74.24 69.98 65.9 62.05 58.45 55.03 51.69 48.33 44.88 41.26 37.46 33.48 29.35 25.12 20.82 16.46 12.08 7.686 3.292 -1.078 -5.395 -9.619 -13.7 -17.6 -21.26 -24.64 -27.73 -30.51 -33.02 -35.32 -37.46 -39.55 -41.66 -43.86 -46.23 -48.77 -51.51 -54.4 -57.41 -60.46 -63.47 -66.36 -69.02 -71.4 1.70141e38 1.70141e38 1.70141e38 1.70141e38 1.70141e38 1.70141e38 1.70141e38 1.70141e38 1.70141e38 1.70141e38 1.70141e38 1.70141e38 1.70141e38 1.70141e38 1.70141e38 1.70141e38 1.70141e38 1.70141e38 1.70141e38
80.41 76.8 72.7 68.36 64.01 59.82 55.85 52.12 48.57 45.12 41.69 38.19 34.57 30.81 26.89 22.84 18.66 14.41 10.09 5.749 1.403 -2.918 -7.186 -11.37 -15.43 -19.32 -23.02 -26.49 -29.69 -32.62 -35.29 -37.73 -40 -42.15 -44.28 -46.44 -48.71 -51.13 -53.72 -56.48 -59.37 -62.36 -65.37 -68.34 -71.17 -73.79 1.70141e38 1.70141e38 1.70141e38 1.70141e38 1.70141e38 1.70141e38 1.70141e38 1.70141e38 1.70141e38 1.70141e38 1.70141e38 1.70141e38 1.70141e38 1.70141e38 1.70141e38 1.70141e38 1.70141e38 1.70141e38 1.70141e38 1.70141e38
74.62 70.96 66.8 62.37 57.92 53.6 49.5 45.62 41.92 38.34 34.8 31.23 27.58 23.83 19.95 15.96 11.87 7.696 3.477 -0.762 -4.989 -9.173 -13.28 -17.28 -21.15 -24.84 -28.34 -31.61 -34.64 -37.44 -40.01 -42.4 -44.65 -46.84 -49.02 -51.25 -53.6 -56.08 -58.72 -61.5 -64.39 -67.35 -70.31 -73.2 -75.95 1.70141e38 1.70141e38 1.70141e38 1.70141e38 1.70141e38 1.70141e38 1.70141e38 1.70141e38 1.70141e38 1.70141e38 1.70141e38 1.70141e38 1.70141e38 1.70141e38 1.70141e38 1.70141e38 1.70141e38 1.70141e38 1.70141e38 1.70141e38 1.70141e38
68.79 65.07 60.83 56.31 51.74 47.29 43.04 39.01 35.16 31.44 27.78 24.13 20.43 16.66 12.82 8.885 4.881 0.8213 -3.27 -7.363 -11.43 -15.44 -19.36 -23.16 -26.81 -30.3 -33.59 -36.68 -39.55 -42.22 -44.72 -47.06 -49.32 -51.54 -53.78 -56.08 -58.5 -61.05 -63.73 -66.52 -69.4 -72.31 -75.2 -78 1.70141e38 1.70141e38 1.70141e38 1.70141e38 1.70141e38 1.70141e38 1.70141e38 1.70141e38 1.70141e38 1.70141e38 1.70141e38 1.70141e38 1.70141e38 1.70141e38 1.70141e38 1.70141e38 1.70141e38 1.70141e38 1.70141e38 1.70141e38 1.70141e38 1.70141e38
62.92 59.13 54.81 50.2 45.51 40.93 36.53 32.35 28.35 24.48 20.7 16.96 13.21 9.426 5.602 1.731 -2.18 -6.118 -10.06 -13.99 -17.88 -21.69 -25.4 -29 -32.44 -35.72 -38.82 -41.73 -44.46 -47.03 -49.44 -51.76 -54.02 -56.27 -58.56 -60.93 -63.41 -66.01 -68.71 -71.5 -74.34 -77.19 -79.98 1.70141e38 1.70141e38 1.70141e38 1.70141e38 1.70141e38 1.70141e38 1.70141e38 1.70141e38 1.70141e38 1.70141e38 1.70141e38 1.70141e38 1.70141e38 1.70141e38 1.70141e38 1.70141e38 1.70141e38 1.70141e38 1.70141e38 1.70141e38 1.70141e38 1.70141e38 1.70141e38
57.01 53.16 48.76 44.04 39.25 34.54 30 25.66 21.52 17.52 13.63 9.793 5.988 2.191 -1.612 -5.423 -9.241 -13.05 -16.85 -20.61 -24.31 -27.92 -31.43 -34.81 -38.05 -41.13 -44.05 -46.81 -49.41 -51.87 -54.22 -56.5 -58.76 -61.04 -63.37 -65.79 -68.31 -70.93 -73.63 -76.4 -79.18 -81.93 1.70141e38 1.70141e38 1.70141e38 1.70141e38 1.70141e38 1.70141e38 1.70141e38 1.70141e38 1.70141e38 1.70141e38 1.70141e38 1.70141e38 1.70141e38 1.70141e38 1.70141e38 1.70141e38 1.70141e38 1.70141e38 1.70141e38 1.70141e38 1.70141e38 1.70141e38 1.70141e38 1.70141e38
51.06 47.14 42.67 37.87 32.96 28.13 23.46 18.99 14.71 10.59 6.588 2.674 -1.18 -4.992 -8.774 -12.53 -16.26 -19.95 -23.6 -27.19 -30.7 -34.12 -37.44 -40.62 -43.67 -46.56 -49.31 -51.92 -54.4 -56.76 -59.05 -61.3 -63.55 -65.84 -68.19 -70.63 -73.16 -75.78 -78.46 -81.16 -83.85 1.70141e38 1.70141e38 1.70141e38 1.70141e38 1.70141e38 1.70141e38 1.70141e38 1.70141e38 1.70141e38 1.70141e38 1.70141e38 1.70141e38 1.70141e38 1.70141e38 1.70141e38 1.70141e38 1.70141e38 1.70141e38 1.70141e38 1.70141e38 1.70141e38 1.70141e38 1.70141e38 1.70141e38 1.70141e38
45.07 41.09 36.55 31.66 26.67 21.73 16.94 12.34 7.941 3.709 -0.3849 -4.37 -8.267 -12.09 -15.85 -19.55 -23.2 -26.78 -30.29 -33.72 -37.07 -40.31 -43.43 -46.43 -49.29 -52.02 -54.62 -57.09 -59.45 -61.72 -63.95 -66.15 -68.38 -70.66 -73 -75.44 -77.95 -80.53 -83.15 -85.77 1.70141e38 1.70141e38 1.70141e38 1.70141e38 1.70141e38 1.70141e38 1.70141e38 1.70141e38 1.70141e38 1.70141e38 1.70141e38 1.70141e38 1.70141e38 1.70141e38 1.70141e38 1.70141e38 1.70141e38 1.70141e38 1.70141e38 1.70141e38 1.70141e38 1.70141e38 1.70141e38 1.70141e38 1.70141e38 1.70141e38
39.04 35.01 30.4 25.45 20.37 15.33 10.44 5.736 1.229 -3.1 -7.277 -11.32 -15.26 -19.09 -22.84 -26.49 -30.05 -33.53 -36.92 -40.21 -43.39 -46.46 -49.42 -52.25 -54.95 -57.52 -59.97 -62.31 -64.56 -66.75 -68.9 -71.05 -73.24 -75.48 -77.8 -80.19 -82.66 -85.17 -87.7 1.70141e38 1.70141e38 1.70141e38 1.70141e38 1.70141e38 1.70141e38 1.70141e38 1.70141e38 1.70141e38 1.70141e38 1.70141e38 1.70141e38 1.70141e38 1.70141e38 1.70141e38 1.70141e38 1.70141e38 1.70141e38 1.70141e38 1.70141e38 1.70141e38 1.70141e38 1.70141e38 1.70141e38 1.70141e38 1.70141e38 1.70141e38
32.98 28.89 24.23 19.22 14.07 8.95 3.97 -0.8236 -5.421 -9.833 -14.08 -18.18 -22.15 -25.99 -29.71 -33.32 -36.82 -40.2 -43.48 -46.64 -49.68 -52.61 -55.41 -58.08 -60.63 -63.06 -65.38 -67.6 -69.74 -71.83 -73.91 -75.99 -78.11 -80.3 -82.56 -84.88 -87.27 -89.68 1.70141e38 1.70141e38 1.70141e38 1.70141e38 1.70141e38 1.70141e38 1.70141e38 1.70141e38 1.70141e38 1.70141e38 1.70141e38 1.70141e38 1.70141e38 1.70141e38 1.70141e38 1.70141e38 1.70141e38 1.70141e38 1.70141e38 1.70141e38 1.70141e38 1.70141e38 1.70141e38 1.70141e38 1.70141e38 1.70141e38 1.70141e38 1.70141e38
26.88 22.75 18.04 12.98 7.773 2.59 -2.462 -7.332 -12 -16.49 -20.79 -24.93 -28.93 -32.77 -36.48 -40.05 -43.49 -46.79 -49.97 -53.02 -55.94 -58.73 -61.39 -63.93 -66.34 -68.64 -70.83 -72.94 -74.98 -76.97 -78.96 -80.96 -83 -85.1 -87.27 -89.5 -91.77 1.70141e38 1.70141e38 1.70141e38 1.70141e38 1.70141e38 1.70141e38 1.70141e38 1.70141e38 1.70141e38 1.70141e38 1.70141e38 1.70141e38 1.70141e38 1.70141e38 1.70141e38 1.70141e38 1.70141e38 1.70141e38 1.70141e38 1.70141e38 1.70141e38 1.70141e38 1.70141e38 1.70141e38 1.70141e38 1.70141e38 1.70141e38 1.70141e38 1.70141e38
20.74 16.57 11.83 6.734 1.486 -3.747 -8.856 -13.79 -18.52 -23.06 -27.41 -31.59 -35.6 -39.45 -43.15 -46.68 -50.07 -53.31 -56.4 -59.35 -62.16 -64.84 -67.38 -69.79 -72.08 -74.26 -76.34 -78.34 -80.27 -82.17 -84.05 -85.95 -87.9 -89.89 -91.95 -94.05 1.70141e38 1.70141e38 1.70141e38 1.70141e38 1.70141e38 1.70141e38 1.70141e38 1.70141e38 1.70141e38 1.70141e38 1.70141e38 1.70141e38 1.70141e38 1.70141e38 1.70141e38 1.70141e38 1.70141e38 1.70141e38 1.70141e38 1.70141e38 1.70141e38 1.70141e38 1.70141e38 1.70141e38 1.70141e38 1.70141e38 1.70141e38 1.70141e38 1.70141e38 1.70141e38
14.59 10.38 5.614 0.4886 -4.789 -10.06 -15.21 -20.19 -24.97 -29.55 -33.94 -38.15 -42.18 -46.03 -49.71 -53.22 -56.56 -59.74 -62.76 -65.63 -68.34 -70.92 -73.35 -75.66 -77.84 -79.91 -81.88 -83.78 -85.6 -87.4 -89.18 -90.97 -92.8 -94.67 -96.58 1.70141e38 1.70141e38 1.70141e38 1.70141e38 1.70141e38 1.70141e38 1.70141e38 1.70141e38 1.70141e38 1.70141e38 1.70141e38 1.70141e38 1.70141e38 1.70141e38 1.70141e38 1.70141e38 1.70141e38 1.70141e38 1.70141e38 1.70141e38 1.70141e38 1.70141e38 1.70141e38 1.70141e38 1.70141e38 1.70141e38 1.70141e38 1.70141e38 1.70141e38 1.70141e38 1.70141e38
8.406 4.175 -0.6126 -5.754 -11.05 -16.34 -21.53 -26.54 -31.35 -35.97 -40.39 -44.61 -48.65 -52.51 -56.17 -59.66 -62.96 -66.09 -69.05 -71.85 -74.49 -76.97 -79.32 -81.53 -83.61 -85.58 -87.46 -89.25 -90.98 -92.66 -94.33 -96.01 -97.7 -99.43 1.70141e38 1.70141e38 1.70141e38 1.70141e38 1.70141e38 1.70141e38 1.70141e38 1.70141e38 1.70141e38 1.70141e38 1.70141e38 1.70141e38 1.70141e38 1.70141e38 1.70141e38 1.70141e38 1.70141e38 1.70141e38 1.70141e38 1.70141e38 1.70141e38 1.70141e38 1.70141e38 1.70141e38 1.70141e38 1.70141e38 1.70141e38 1.70141e38 1.70141e38 1.70141e38 1.70141e38 1.70141e38
2.218 -2.04 -6.842 -11.99 -17.3 -22.6 -27.8 -32.84 -37.68 -42.31 -46.75 -50.99 -55.04 -58.89 -62.55 -66.01 -69.28 -72.37 -75.28 -78.01 -80.58 -83 -85.26 -87.39 -89.38 -91.26 -93.04 -94.74 -96.37 -97.95 -99.51 -101.1 -102.6 1.70141e38 1.70141e38 1.70141e38 1.70141e38 1.70141e38 1.70141e38 1.70141e38 1.70141e38 1.70141e38 1.70141e38 1.70141e38 1.70141e38 1.70141e38 1.70141e38 1.70141e38 1.70141e38 1.70141e38 1.70141e38 1.70141e38 1.70141e38 1.70141e38 1.70141e38 1.70141e38 1.70141e38 1.70141e38 1.70141e38 1.70141e38 1.70141e38 1.70141e38 1.70141e38 1.70141e38 1.70141e38 1.70141e38
-3.982 -8.263 -13.07 -18.22 -23.53 -28.84 -34.04 -39.09 -43.94 -48.6 -53.05 -57.3 -61.35 -65.19 -68.84 -72.28 -75.53 -78.58 -81.44 -84.12 -86.63 -88.98 -91.17 -93.22 -95.14 -96.94 -98.63 -100.2 -101.8 -103.2 -104.7 -106.1 1.70141e38 1.70141e38 1.70141e38 1.70141e38 1.70141e38 1.70141e38 1.70141e38 1.70141e38 1.70141e38 1.70141e38 1.70141e38 1.70141e38 1.70141e38 1.70141e38 1.70141e38 1.70141e38 1.70141e38 1.70141e38 1.70141e38 1.70141e38 1.70141e38 1.70141e38 1.70141e38 1.70141e38 1.70141e38 1.70141e38 1.70141e38 1.70141e38 1.70141e38 1.70141e38 1.70141e38 1.70141e38 1.70141e38 1.70141e38
-10.18 -14.48 -19.3 -24.44 -29.74 -35.04 -40.25 -45.3 -50.16 -54.82 -59.28 -63.53 -67.57 -71.41 -75.05 -78.47 -81.69 -84.71 -87.53 -90.17 -92.62 -94.91 -97.04 -99.02 -100.9 -102.6 -104.2 -105.7 -107.2 -108.5 -109.9 1.70141e38 1.70141e38 1.70141e38 1.70141e38 1.70141e38 1.70141e38 1.70141e38 1.70141e38 1.70141e38 1.70141e38 1.70141e38 1.70141e38 1.70141e38 1.70141e38 1.70141e38 1.70141e38 1.70141e38 1.70141e38 1.70141e38 1.70141e38 1.70141e38 1.70141e38 1.70141e38 1.70141e38 1.70141e38 1.70141e38 1.70141e38 1.70141e38 1.70141e38 1.70141e38 1.70141e38 1.70141e38 1.70141e38 1.70141e38 1.70141e38
-16.39 -20.71 -25.52 -30.65 -35.94 -41.23 -46.43 -51.47 -56.33 -60.99 -65.44 -69.69 -73.73 -77.56 -81.18 -84.58 -87.78 -90.76 -93.55 -96.14 -98.55 -100.8 -102.9 -104.8 -106.6 -108.2 -109.7 -111.2 -112.5 -113.8 1.70141e38 1.70141e38 1.70141e38 1.70141e38 1.70141e38 1.70141e38 1.70141e38 1.70141e38 1.70141e38 1.70141e38 1.70141e38 1.70141e38 1.70141e38 1.70141e38 1.70141e38 1.70141e38 1.70141e38 1.70141e38 1.70141e38 1.70141e38 1.70141e38 1.70141e38 1.70141e38 1.70141e38 1.70141e38 1.70141e38 1.70141e38 1.70141e38 1.70141e38 1.70141e38 1.70141e38 1.70141e38 1.70141e38 1.70141e38 1.70141e38 1.70141e38
-22.58 -26.92 -31.74 -36.86 -42.12 -47.39 -52.58 -57.61 -62.46 -67.11 -71.56 -75.8 -79.82 -83.64 -87.24 -90.62 -93.79 -96.75 -99.5 -102.1 -104.4 -106.6 -108.6 -110.5 -112.2 -113.8 -115.2 -116.6 -117.9 -119 1.70141e38 1.70141e38 1.70141e38 1.70141e38 1.70141e38 1.70141e38 1.70141e38 1.70141e38 1.70141e38 1.70141e38 1.70141e38 1.70141e38 1.70141e38 1.70141e38 1.70141e38 1.70141e38 1.70141e38 1.70141e38 1.70141e38 1.70141e38 1.70141e38 1.70141e38 1.70141e38 1.70141e38 1.70141e38 1.70141e38 1.70141e38 1.70141e38 1.70141e38 1.70141e38 1.70141e38 1.70141e38 1.70141e38 1.70141e38 1.70141e38 1.70141e38
-28.78 -33.14 -37.94 -43.05 -48.29 -53.54 -58.7 -63.71 -68.54 -73.18 -77.61 -81.84 -85.85 -89.65 -93.23 -96.59 -99.73 -102.7 -105.4 -107.9 -110.2 -112.3 -114.3 -116.1 -117.8 -119.3 -120.7 -121.9 -123.1 -124.2 -125.2 1.70141e38 1.70141e38 1.70141e38 1.70141e38 1.70141e38 1.70141e38 1.70141e38 1.70141e38 1.70141e38 1.70141e38 1.70141e38 1.70141e38 1.70141e38 1.70141e38 1.70141e38 1.70141e38 1.70141e38 1.70141e38 1.70141e38 1.70141e38 1.70141e38 1.70141e38 1.70141e38 1.70141e38 1.70141e38 1.70141e38 1.70141e38 1.70141e38 1.70141e38 1.70141e38 1.70141e38 1.70141e38 1.70141e38 1.70141e38 1.70141e38
-34.96 -39.34 -44.14 -49.22 -54.44 -59.66 -64.79 -69.78 -74.59 -79.21 -83.62 -87.83 -91.82 -95.59 -99.15 -102.5 -105.6 -108.5 -111.2 -113.6 -115.9 -118 -119.9 -121.7 -123.3 -124.7 -126 -127.2 -128.3 -129.3 -130.2 -131 -131.7 -132.4 -133 -133.4 -133.8 -134 1.70141e38 1.70141e38 1.70141e38 1.70141e38 1.70141e38 1.70141e38 1.70141e38 1.70141e38 1.70141e38 1.70141e38 1.70141e38 1.70141e38 1.70141e38 1.70141e38 1.70141e38 1.70141e38 1.70141e38 1.70141e38 1.70141e38 1.70141e38 1.70141e38 1.70141e38 1.70141e38 1.70141e38 1.70141e38 1.70141e38 1.70141e38 1.70141e38
-41.14 -45.53 -50.33 -55.39 -60.57 -65.76 -70.86 -75.82 -80.6 -85.19 -89.58 -93.76 -97.72 -101.5 -105 -108.3 -111.4 -114.2 -116.9 -119.3 -121.5 -123.6 -125.4 -127.1 -128.6 -130 -131.3 -132.4 -133.4 -134.3 -135.1 -135.8 -136.4 -137 -137.4 -137.7 -137.9 -138 -137.9 -137.7 -137.2 -136.6 -135.7 -134.7 1.70141e38 1.70141e38 1.70141e38 1.70141e38 1.70141e38 1.70141e38 1.70141e38 1.70141e38 1.70141e38 1.70141e38 1.70141e38 1.70141e38 1.70141e38 1.70141e38 1.70141e38 1.70141e38 1.70141e38 1.70141e38 1.70141e38 1.70141e38 1.70141e38 1.70141e38
-47.3 -51.71 -56.5 -61.53 -66.68 -71.83 -76.9 -81.82 -86.57 -91.13 -95.48 -99.63 -103.6 -107.3 -110.8 -114 -117.1 -119.9 -122.5 -124.9 -127 -129 -130.8 -132.5 -133.9 -135.2 -136.4 -137.4 -138.4 -139.2 -139.9 -140.5 -141 -141.4 -141.7 -141.9 -142 -141.9 -141.7 -141.4 -140.8 -140 -139.1 -138 -136.7 -135.3 -133.7 -132.1 -130.4 -128.7 -127 1.70141e38 1.70141e38 1.70141e38 1.70141e38 1.70141e38 1.70141e38 1.70141e38 1.70141e38 1.70141e38 1.70141e38 1.70141e38 1.70141e38 1.70141e38 1.70141e38 1.70141e38
-53.46 -57.88 -62.66 -67.67 -72.78 -77.89 -82.91 -87.79 -92.5 -97.02 -101.3 -105.4 -109.3 -113 -116.4 -119.7 -122.7 -125.4 -128 -130.3 -132.4 -134.4 -136.1 -137.7 -139.1 -140.3 -141.4 -142.4 -143.2 -143.9 -144.6 -145.1 -145.5 -145.8 -146 -146 -146 -145.8 -145.5 -145 -144.4 -143.6 -142.6 -141.4 -140 -138.6 -137 -135.4 -133.7 -132 -130.4 -128.8 -127.3 -125.9 -124.5 -123.2 -122 1.70141e38 1.70141e38 1.70141e38 1.70141e38 1.70141e38 1.70141e38 1.70141e38 1.70141e38 1.70141e38
-59.6 -64.04 -68.81 -73.79 -78.86 -83.92 -88.9 -93.73 -98.4 -102.9 -107.1 -111.2 -115 -118.7 -122.1 -125.2 -128.2 -130.9 -133.4 -135.6 -137.7 -139.6 -141.3 -142.8 -144.1 -145.3 -146.3 -147.2 -147.9 -148.6 -149.1 -149.5 -149.8 -150 -150.1 -150.1 -149.9 -149.7 -149.2 -148.7 -148 -147.1 -146 -144.8 -143.4 -141.9 -140.3 -138.6 -136.9 -135.2 -133.6 -132.1 -130.6 -129.2 -127.9 -126.6 -125.3 -124 -122.7 -121.4 -119.9 -118.3 -116.4 -114.4 1.70141e38 1.70141e38
-65.76 -70.21 -74.96 -79.9 -84.93 -89.94 -94.87 -99.65 -104.3 -108.7 -112.9 -116.9 -120.7 -124.2 -127.6 -130.7 -133.6 -136.2 -138.7 -140.9 -142.9 -144.7 -146.3 -147.7 -149 -150.1 -151 -151.8 -152.5 -153 -153.4 -153.8 -154 -154.1 -154.1 -153.9 -153.7 -153.4 -152.9 -152.2 -151.4 -150.5 -149.4 -148.1 -146.6 -145.1 -143.4 -141.7 -140 -138.3 -136.7 -135.1 -133.7 -132.3 -130.9 -129.6 -128.2 -126.8 -125.4 -123.8 -122.1 -120.3 -118.2 -115.9 -113.3 -110.4
