public/static/data/moho35blk.grd
DSAA
106 120
-372000 472000
-397000 556000
-362.02536 186.869308
[rows 29 to 57 of 120, columns 0 to 65 of 106]
103.4 102.6 102 101.4 101 100.9 101.1 101.6 102.4 103.4 104.6 106 107.5 109.1 110.7 112.3 113.8 115.2 116.4 117.4 1.70141e38 1.70141e38 118.5 118.2 117.5 116.4 115 113.2 111.1 108.7 106.2 103.4 100.5 97.57 94.6 91.67 88.82 86.11 83.57 81.25 79.18 77.4 75.95 74.84 74.07 73.64 73.53 73.7 74.11 74.72 75.48 76.34 77.23 78.09 78.86 79.48 79.89 80.06 79.96 79.59 78.97 78.12 77.1 75.94 74.68 73.4
104.9 104.1 103.2 102.5 101.9 101.7 101.7 102 102.7 103.5 104.7 106 107.4 108.9 110.5 112.1 113.7 115.1 116.4 117.4 118.2 118.6 118.6 118.3 117.5 116.4 114.8 112.9 110.7 108.2 105.4 102.4 99.35 96.18 93 89.84 86.77 83.84 81.08 78.54 76.25 74.27 72.61 71.29 70.33 69.71 69.42 69.43 69.69 70.16 70.79 71.53 72.32 73.09 73.78 74.33 74.68 74.8 74.66 74.26 73.61 72.75 71.72 70.56 69.34 68.12
106.8 105.7 104.7 103.8 103 102.5 102.4 102.5 103 103.7 104.7 105.9 107.3 108.8 110.4 112 113.6 115.1 116.4 117.5 118.2 118.7 118.7 118.4 117.6 116.3 114.7 112.7 110.3 107.6 104.6 101.5 98.16 94.78 91.37 87.99 84.7 81.54 78.56 75.8 73.3 71.1 69.22 67.7 66.53 65.71 65.22 65.03 65.12 65.42 65.9 66.5 67.16 67.82 68.41 68.88 69.17 69.24 69.07 68.65 68 67.16 66.17 65.08 63.96 62.89
108.8 107.6 106.4 105.2 104.2 103.5 103.1 103.1 103.4 104 104.8 105.9 107.2 108.6 110.2 111.8 113.4 115 116.3 117.5 118.3 118.8 118.8 118.5 117.6 116.3 114.6 112.4 109.8 107 103.8 100.4 96.93 93.33 89.7 86.1 82.58 79.2 76 73.02 70.3 67.88 65.78 64.03 62.64 61.6 60.9 60.51 60.4 60.52 60.83 61.27 61.79 62.32 62.81 63.19 63.41 63.43 63.24 62.83 62.22 61.44 60.55 59.6 58.66 57.82
111.1 109.7 108.3 106.9 105.6 104.7 104.1 103.8 103.8 104.2 104.9 105.9 107.1 108.5 110 111.6 113.3 114.8 116.2 117.4 118.3 118.9 119 118.6 117.7 116.3 114.4 112.1 109.4 106.3 103 99.39 95.66 91.84 87.98 84.16 80.42 76.81 73.38 70.17 67.22 64.57 62.25 60.27 58.65 57.39 56.46 55.86 55.53 55.46 55.58 55.86 56.22 56.62 57 57.29 57.46 57.45 57.27 56.9 56.36 55.7 54.95 54.19 53.48 52.91
113.5 112 110.3 108.7 107.2 106 105.1 104.6 104.4 104.6 105.1 105.9 107 108.3 109.8 111.4 113 114.6 116.1 117.4 118.4 118.9 119 118.6 117.7 116.2 114.2 111.7 108.8 105.6 102 98.26 94.32 90.28 86.21 82.15 78.18 74.34 70.67 67.23 64.05 61.16 58.6 56.39 54.54 53.04 51.89 51.06 50.53 50.25 50.18 50.28 50.5 50.77 51.04 51.26 51.38 51.37 51.22 50.92 50.5 49.98 49.42 48.88 48.43 48.15
116.1 114.4 112.5 110.6 108.9 107.4 106.2 105.5 105.1 105 105.3 106 106.9 108.1 109.5 111.1 112.7 114.4 115.9 117.3 118.3 118.9 119 118.6 117.6 116 113.9 111.2 108.2 104.7 101 97.04 92.89 88.64 84.35 80.06 75.85 71.77 67.86 64.17 60.75 57.63 54.83 52.39 50.3 48.57 47.19 46.13 45.38 44.9 44.65 44.58 44.65 44.8 44.98 45.14 45.25 45.26 45.17 44.97 44.68 44.34 43.99 43.68 43.47 43.45
118.9 117 114.8 112.7 110.7 108.9 107.5 106.5 105.8 105.5 105.6 106 106.8 107.8 109.2 110.7 112.3 114 115.6 117 118.1 118.8 118.9 118.5 117.4 115.7 113.4 110.6 107.4 103.8 99.85 95.68 91.34 86.88 82.36 77.85 73.4 69.07 64.91 60.98 57.31 53.95 50.92 48.24 45.92 43.96 42.35 41.08 40.12 39.44 39.01 38.78 38.72 38.76 38.87 38.99 39.1 39.16 39.15 39.08 38.95 38.8 38.65 38.56 38.58 38.77
121.7 119.6 117.3 114.9 112.6 110.6 108.9 107.6 106.6 106.1 105.9 106.1 106.7 107.5 108.7 110.2 111.8 113.5 115.2 116.7 117.9 118.6 118.7 118.2 117 115.2 112.8 109.8 106.4 102.6 98.5 94.14 89.6 84.94 80.21 75.47 70.79 66.21 61.8 57.62 53.71 50.11 46.85 43.94 41.4 39.22 37.39 35.91 34.75 33.89 33.29 32.92 32.73 32.69 32.74 32.85 32.98 33.11 33.2 33.27 33.32 33.36 33.42 33.54 33.75 34.11
124.6 122.3 119.7 117.1 114.6 112.3 110.3 108.8 107.6 106.7 106.3 106.2 106.5 107.2 108.2 109.5 111.1 112.9 114.6 116.2 117.4 118.2 118.3 117.7 116.5 114.5 112 108.8 105.2 101.2 96.91 92.36 87.63 82.77 77.83 72.87 67.95 63.14 58.49 54.07 49.93 46.11 42.63 39.51 36.75 34.36 32.33 30.65 29.31 28.27 27.52 27.02 26.74 26.62 26.64 26.76 26.93 27.14 27.36 27.58 27.81 28.04 28.3 28.61 29 29.51
127.5 125 122.2 119.3 116.6 114 111.8 110 108.5 107.4 106.6 106.3 106.3 106.7 107.5 108.8 110.3 112.1 113.9 115.5 116.8 117.6 117.7 117 115.7 113.6 110.8 107.5 103.7 99.51 95 90.26 85.34 80.29 75.16 69.99 64.85 59.81 54.94 50.31 45.96 41.94 38.26 34.94 31.99 29.41 27.19 25.33 23.81 22.62 21.74 21.13 20.76 20.6 20.6 20.74 20.98 21.28 21.63 22.02 22.43 22.85 23.31 23.8 24.35 24.99
130.2 127.6 124.6 121.5 118.5 115.7 113.3 111.2 109.4 108 106.9 106.2 105.9 106.1 106.7 107.8 109.3 111.1 113 114.7 116 116.7 116.8 116.1 114.6 112.3 109.4 105.8 101.8 97.42 92.71 87.77 82.66 77.43 72.11 66.76 61.43 56.19 51.14 46.32 41.8 37.6 33.75 30.26 27.13 24.38 21.99 19.96 18.29 16.97 15.97 15.27 14.84 14.64 14.65 14.83 15.14 15.55 16.05 16.59 17.18 17.8 18.44 19.11 19.82 20.59
132.8 130 126.8 123.5 120.3 117.4 114.7 112.3 110.3 108.5 107.1 106.1 105.4 105.3 105.7 106.6 108.1 109.9 111.8 113.6 114.9 115.6 115.6 114.7 113.1 110.6 107.5 103.7 99.49 94.86 89.95 84.82 79.53 74.12 68.64 63.13 57.64 52.26 47.06 42.1 37.44 33.11 29.12 25.48 22.21 19.3 16.76 14.59 12.79 11.35 10.25 9.48 9.007 8.802 8.833 9.062 9.457 9.983 10.61 11.32 12.08 12.88 13.71 14.55 15.41 16.31
135.1 132.2 128.8 125.4 122 118.8 115.9 113.3 110.9 108.9 107.1 105.7 104.6 104.1 104.2 105 106.4 108.3 110.3 112.1 113.4 114.1 113.9 112.9 111.1 108.4 105 101.1 96.61 91.76 86.65 81.33 75.88 70.32 64.71 59.08 53.48 48 42.71 37.67 32.92 28.49 24.39 20.64 17.24 14.2 11.54 9.247 7.335 5.797 4.625 3.802 3.305 3.106 3.172 3.465 3.95 4.59 5.354 6.211 7.134 8.103 9.096 10.1 11.1 12.11
137.1 134 130.5 126.9 123.3 119.9 116.8 113.9 111.3 108.9 106.7 104.8 103.4 102.5 102.2 102.8 104.2 106.1 108.1 110 111.4 111.9 111.6 110.5 108.4 105.6 102 97.79 93.11 88.06 82.75 77.27 71.68 66.01 60.31 54.61 48.97 43.45 38.13 33.06 28.26 23.77 19.6 15.76 12.27 9.125 6.354 3.964 1.962 0.3507 -0.8757 -1.729 -2.231 -2.407 -2.293 -1.927 -1.347 -0.5938 0.2964 1.29 2.357 3.471 4.608 5.746 6.87 7.97
138.7 135.5 131.8 128 124.2 120.6 117.3 114.2 111.2 108.5 105.8 103.5 101.5 100 99.4 99.72 101 102.9 105.1 107.1 108.5 109 108.6 107.3 105 102 98.2 93.8 88.92 83.69 78.22 72.61 66.93 61.2 55.47 49.77 44.14 38.66 33.36 28.3 23.51 19 14.79 10.89 7.319 4.099 1.248 -1.219 -3.289 -4.953 -6.213 -7.077 -7.564 -7.702 -7.526 -7.077 -6.4 -5.538 -4.532 -3.419 -2.232 -1.001 0.2483 1.49 2.703 3.87
139.8 136.4 132.6 128.7 124.7 120.9 117.3 113.9 110.7 107.5 104.4 101.4 98.79 96.72 95.54 95.48 96.59 98.58 100.9 103.1 104.5 105 104.6 103.2 100.8 97.58 93.62 89.05 84.01 78.63 73.06 67.37 61.65 55.92 50.23 44.6 39.06 33.66 28.45 23.45 18.7 14.2 9.976 6.047 2.434 -0.8394 -3.748 -6.268 -8.383 -10.08 -11.35 -12.2 -12.66 -12.74 -12.49 -11.95 -11.17 -10.21 -9.099 -7.887 -6.608 -5.292 -3.967 -2.66 -1.396 -0.1956
140.3 136.8 132.9 128.8 124.7 120.7 116.9 113.2 109.6 105.9 102.3 98.68 95.31 92.49 90.62 90.04 90.88 92.85 95.33 97.64 99.26 99.91 99.5 98.04 95.62 92.3 88.22 83.53 78.37 72.91 67.28 61.58 55.89 50.24 44.65 39.16 33.77 28.52 23.44 18.55 13.86 9.411 5.207 1.275 -2.357 -5.658 -8.598 -11.15 -13.29 -14.99 -16.25 -17.07 -17.48 -17.49 -17.15 -16.51 -15.63 -14.57 -13.37 -12.08 -10.74 -9.374 -8.012 -6.681 -5.406 -4.208
140.2 136.6 132.6 128.3 124 119.9 115.8 111.9 107.9 103.8 99.61 95.33 91.18 87.54 84.88 83.67 84.08 85.87 88.4 90.89 92.73 93.59 93.33 91.96 89.54 86.19 82.04 77.26 72.05 66.56 60.94 55.3 49.7 44.2 38.79 33.5 28.32 23.27 18.36 13.61 9.042 4.665 0.5077 -3.4 -7.024 -10.33 -13.28 -15.83 -17.97 -19.66 -20.89 -21.66 -21.99 -21.91 -21.48 -20.73 -19.75 -18.6 -17.32 -15.98 -14.6 -13.22 -11.85 -10.54 -9.288 -8.127
139.4 135.8 131.6 127.2 122.8 118.5 114.3 110 105.8 101.3 96.53 91.6 86.7 82.25 78.79 76.86 76.72 78.16 80.57 83.14 85.19 86.3 86.25 85.02 82.67 79.32 75.15 70.35 65.12 59.66 54.12 48.6 43.18 37.89 32.72 27.69 22.77 17.96 13.26 8.692 4.259 -0.01426 -4.098 -7.956 -11.55 -14.83 -17.76 -20.3 -22.41 -24.06 -25.24 -25.94 -26.18 -26 -25.45 -24.6 -23.51 -22.27 -20.94 -19.56 -18.17 -16.8 -15.47 -14.2 -13 -11.9
138 134.3 130.1 125.6 121 116.6 112.2 107.8 103.3 98.45 93.28 87.8 82.26 77.1 72.9 70.26 69.48 70.43 72.53 75.02 77.16 78.44 78.57 77.47 75.19 71.86 67.69 62.89 57.71 52.33 46.92 41.59 36.41 31.38 26.51 21.78 17.16 12.63 8.175 3.808 -0.46 -4.605 -8.593 -12.38 -15.92 -19.16 -22.05 -24.55 -26.61 -28.2 -29.3 -29.91 -30.04 -29.74 -29.07 -28.1 -26.92 -25.6 -24.22 -22.82 -21.44 -20.11 -18.84 -17.64 -16.52 -15.5
135.9 132.2 127.9 123.3 118.7 114.2 109.7 105.2 100.6 95.57 90.12 84.26 78.24 72.53 67.74 64.46 63.04 63.39 65.02 67.21 69.23 70.5 70.67 69.6 67.32 63.99 59.82 55.06 49.95 44.7 39.48 34.39 29.48 24.78 20.24 15.85 11.55 7.319 3.134 -1.009 -5.095 -9.095 -12.97 -16.67 -20.14 -23.31 -26.15 -28.58 -30.57 -32.07 -33.08 -33.57 -33.59 -33.16 -32.36 -31.28 -30 -28.62 -27.2 -25.81 -24.46 -23.19 -22 -20.89 -19.86 1.70141e38
133.2 129.5 125.1 120.6 116 111.4 107 102.5 97.81 92.77 87.24 81.22 74.94 68.88 63.65 59.86 57.83 57.54 58.56 60.24 61.87 62.88 62.87 61.67 59.29 55.9 51.72 47 42 36.92 31.92 27.11 22.52 18.16 13.99 9.953 5.998 2.08 -1.831 -5.74 -9.634 -13.48 -17.23 -20.83 -24.22 -27.32 -30.08 -32.43 -34.33 -35.73 -36.62 -36.99 -36.87 -36.31 -35.38 -34.19 -32.84 -31.41 -29.98 -28.61 -27.32 -26.13 -25.03 1.70141e38 1.70141e38 1.70141e38
130 126.2 121.9 117.4 112.8 108.3 103.9 99.54 95.01 90.11 84.69 78.74 72.44 66.24 60.76 56.56 53.99 53.03 53.33 54.31 55.32 55.82 55.4 53.89 51.31 47.79 43.57 38.89 34.01 29.12 24.38 19.87 15.62 11.62 7.824 4.154 0.5434 -3.062 -6.698 -10.37 -14.08 -17.77 -21.4 -24.89 -28.19 -31.21 -33.88 -36.15 -37.94 -39.23 -39.99 -40.23 -39.98 -39.29 -38.25 -36.97 -35.56 -34.11 -32.69 -31.37 -30.15 1.70141e38 1.70141e38 1.70141e38 1.70141e38 1.70141e38
126.3 122.5 118.3 113.8 109.3 104.9 100.6 96.42 92.12 87.49 82.36 76.68 70.58 64.46 58.89 54.41 51.35 49.72 49.23 49.37 49.58 49.35 48.34 46.39 43.49 39.8 35.52 30.89 26.13 21.45 16.97 12.78 8.879 5.245 1.812 -1.504 -4.781 -8.087 -11.46 -14.92 -18.44 -21.98 -25.49 -28.89 -32.1 -35.04 -37.63 -39.8 -41.49 -42.67 -43.31 -43.42 -43.04 -42.25 -41.12 -39.78 -38.34 -36.9 -35.53 1.70141e38 1.70141e38 1.70141e38 1.70141e38 1.70141e38 1.70141e38 1.70141e38
122.2 118.5 114.3 109.8 105.4 101.1 97.04 93.06 89.03 84.74 80 74.72 68.99 63.13 57.63 53 49.53 47.26 45.95 45.17 44.47 43.41 41.7 39.2 35.94 32.04 27.69 23.11 18.5 14.03 9.821 5.935 2.372 -0.9156 -4.005 -6.99 -9.961 -12.99 -16.13 -19.38 -22.74 -26.15 -29.55 -32.86 -35.99 -38.86 -41.37 -43.46 -45.06 -46.14 -46.67 -46.69 -46.22 -45.34 -44.17 -42.82 -41.39 1.70141e38 1.70141e38 1.70141e38 1.70141e38 1.70141e38 1.70141e38 1.70141e38 1.70141e38 1.70141e38
117.7 114 109.9 105.5 101.2 97.06 93.13 89.36 85.6 81.66 77.33 72.51 67.24 61.76 56.47 51.8 48.01 45.15 43.04 41.36 39.72 37.8 35.36 32.32 28.69 24.58 20.17 15.65 11.19 6.942 2.999 -0.5926 -3.846 -6.819 -9.601 -12.29 -15 -17.79 -20.72 -23.8 -27.02 -30.32 -33.63 -36.86 -39.93 -42.73 -45.18 -47.21 -48.74 -49.74 -50.21 -50.16 -49.64 -48.75 -47.58 -46.27 1.70141e38 1.70141e38 1.70141e38 1.70141e38 1.70141e38 1.70141e38 1.70141e38 1.70141e38 1.70141e38 1.70141e38
112.9 109.3 105.2 100.9 96.7 92.66 88.87 85.27 81.73 78.08 74.13 69.76 64.96 59.91 54.91 50.28 46.26 42.9 40.08 37.55 35.05 32.33 29.23 25.68 21.73 17.46 13.03 8.585 4.286 0.2512 -3.442 -6.766 -9.747 -12.45 -14.97 -17.43 -19.91 -22.51 -25.28 -28.22 -31.32 -34.53 -37.76 -40.94 -43.96 -46.72 -49.13 -51.11 -52.6 -53.57 -54.01 -53.95 -53.45 -52.59 1.70141e38 1.70141e38 1.70141e38 1.70141e38 1.70141e38 1.70141e38 1.70141e38 1.70141e38 1.70141e38 1.70141e38 1.70141e38 1.70141e38
107.9 104.3 100.3 96.07 91.89 87.92 84.21 80.73 77.35 73.92 70.26 66.26 61.89 57.25 52.55 48.03 43.86 40.1 36.69 33.46 30.23 26.84 23.18 19.24 15.04 10.67 6.258 1.926 -2.201 -6.026 -9.49 -12.58 -15.33 -17.82 -20.14 -22.42 -24.74 -27.19 -29.83 -32.67 -35.69 -38.82 -42.01 -45.14 -48.12 -50.85 -53.24 -55.21 -56.7 -57.67 -58.14 -58.13 1.70141e38 1.70141e38 1.70141e38 1.70141e38 1.70141e38 1.70141e38 1.70141e38 1.70141e38 1.70141e38 1.70141e38 1.70141e38 1.70141e38 1.70141e38 1.70141e38
