public/static/data/moho35blk.grd
DSAA
106 120
-372000 472000
-397000 556000
-362.02536 186.869308
[rows 0 to 28 of 120, columns 0 to 65 of 106]
147.2 147 146.9 147.1 147.6 148.4 149.5 150.9 152.5 154.3 156.3 158.3 160.4 162.6 164.8 166.9 169.1 171.2 173.2 175.2 177 178.8 180.3 181.8 183 184 184.9 185.6 186 186.3 186.3 186.1 185.8 185.2 184.5 183.6 182.4 181.1 179.6 177.9 176 173.9 171.6 169.1 166.5 163.7 160.7 157.6 154.4 151.2 147.9 144.7 141.7 138.8 136.3 133.9 131.8 129.8 127.9 126.2 124.6 123.1 121.6 120.3 119 117.9
144.5 144.2 144.2 144.4 144.9 145.7 146.8 148.2 149.8 151.6 153.5 155.5 157.6 159.7 161.8 163.9 166.1 168.1 170.1 172 173.8 175.5 177 178.4 179.6 180.6 181.4 182 182.5 182.7 182.7 182.6 182.2 181.7 181 180.1 179.1 177.9 176.5 174.9 173.1 171.2 169.1 166.8 164.4 161.8 159 156.1 153.1 150.1 147 144 141.2 138.5 136 133.7 131.6 129.6 127.8 126.1 124.5 122.9 121.5 120.1 118.9 117.7
141.3 141.1 141.1 141.3 141.8 142.6 143.7 145.1 146.7 148.5 150.4 152.4 154.4 156.4 158.5 160.6 162.7 164.7 166.6 168.5 170.2 171.8 173.3 174.6 175.7 176.7 177.5 178 178.4 178.6 178.7 178.5 178.2 177.7 177 176.2 175.3 174.2 172.9 171.5 169.9 168.1 166.2 164.1 161.9 159.5 157 154.4 151.6 148.8 146 143.2 140.5 138 135.6 133.4 131.3 129.4 127.6 125.9 124.3 122.8 121.3 120 118.7 117.5
138 137.8 137.9 138.1 138.6 139.4 140.5 141.9 143.5 145.2 147.1 149 151 153 155 157.1 159.1 161 162.9 164.7 166.4 167.9 169.3 170.6 171.7 172.6 173.3 173.8 174.1 174.3 174.3 174.1 173.8 173.4 172.8 172 171.2 170.2 169 167.8 166.3 164.8 163.1 161.2 159.2 157.1 154.8 152.4 150 147.4 144.9 142.3 139.8 137.4 135.2 133.1 131.1 129.2 127.4 125.7 124.1 122.6 121.2 119.8 118.5 117.3
134.7 134.5 134.5 134.8 135.3 136.2 137.3 138.6 140.2 141.9 143.7 145.6 147.6 149.5 151.5 153.5 155.4 157.3 159.2 160.9 162.5 164 165.3 166.5 167.5 168.4 169 169.5 169.8 169.9 169.9 169.7 169.4 168.9 168.4 167.7 166.9 166 165 163.9 162.7 161.3 159.8 158.2 156.4 154.5 152.5 150.4 148.2 145.9 143.6 141.3 139 136.8 134.7 132.6 130.7 128.9 127.2 125.5 124 122.4 121 119.6 118.2 117
131.4 131.3 131.3 131.6 132.2 133 134.1 135.4 137 138.7 140.4 142.3 144.2 146.1 148.1 150 151.9 153.7 155.5 157.2 158.7 160.2 161.4 162.6 163.5 164.3 164.8 165.2 165.5 165.5 165.5 165.3 164.9 164.5 164 163.4 162.7 161.9 161 160 159 157.8 156.5 155.1 153.6 151.9 150.2 148.3 146.3 144.3 142.3 140.2 138.1 136.1 134.1 132.2 130.3 128.6 126.9 125.3 123.7 122.2 120.7 119.3 117.9 116.6
128.2 128.1 128.2 128.5 129.1 129.9 131 132.3 133.9 135.5 137.3 139.1 141 142.9 144.8 146.7 148.5 150.3 152 153.6 155.1 156.5 157.7 158.7 159.6 160.3 160.8 161.1 161.3 161.3 161.2 160.9 160.6 160.1 159.6 159.1 158.4 157.7 157 156.2 155.3 154.3 153.2 152 150.7 149.3 147.7 146.1 144.4 142.6 140.8 138.9 137.1 135.2 133.4 131.6 129.8 128.2 126.5 125 123.4 121.9 120.4 119 117.6 116.3
125.3 125.2 125.3 125.6 126.1 127 128.1 129.4 130.9 132.6 134.3 136.1 137.9 139.8 141.7 143.5 145.3 147 148.7 150.3 151.7 153 154.1 155.1 155.9 156.5 157 157.2 157.3 157.2 157 156.7 156.3 155.9 155.4 154.8 154.3 153.7 153 152.3 151.6 150.8 149.9 148.9 147.8 146.6 145.3 143.9 142.4 140.9 139.3 137.6 135.9 134.2 132.6 130.9 129.3 127.7 126.1 124.6 123.1 121.6 120.1 118.6 117.2 115.8
122.4 122.3 122.5 122.8 123.4 124.2 125.3 126.6 128.1 129.7 131.4 133.2 135 136.9 138.7 140.5 142.2 143.9 145.5 147.1 148.4 149.7 150.7 151.6 152.4 152.9 153.3 153.4 153.4 153.3 153 152.6 152.2 151.7 151.2 150.7 150.2 149.6 149.1 148.5 147.9 147.3 146.5 145.7 144.8 143.8 142.7 141.6 140.3 139 137.6 136.2 134.7 133.2 131.7 130.1 128.6 127.1 125.6 124.2 122.7 121.2 119.7 118.2 116.8 115.3
119.8 119.7 119.8 120.2 120.7 121.6 122.7 124 125.4 127.1 128.7 130.5 132.3 134.1 135.9 137.6 139.4 141 142.6 144 145.3 146.5 147.5 148.4 149 149.5 149.7 149.8 149.7 149.5 149.1 148.6 148.1 147.6 147.1 146.6 146.1 145.7 145.2 144.7 144.2 143.7 143.1 142.5 141.8 141 140.1 139.2 138.1 137 135.9 134.6 133.3 132 130.7 129.3 127.9 126.5 125.1 123.7 122.2 120.8 119.3 117.8 116.3 114.8
117.2 117.2 117.3 117.6 118.2 119.1 120.2 121.5 122.9 124.5 126.2 127.9 129.7 131.5 133.2 134.9 136.6 138.2 139.7 141.1 142.4 143.5 144.4 145.2 145.8 146.1 146.3 146.3 146.1 145.8 145.3 144.8 144.2 143.6 143.1 142.6 142.1 141.7 141.3 140.9 140.6 140.2 139.7 139.2 138.7 138.1 137.4 136.7 135.9 135 134 133 131.9 130.7 129.6 128.3 127.1 125.8 124.5 123.1 121.7 120.3 118.8 117.3 115.7 114.2
114.9 114.8 114.9 115.3 115.9 116.7 117.8 119.1 120.5 122.1 123.8 125.5 127.2 129 130.7 132.4 134 135.6 137 138.4 139.6 140.6 141.5 142.2 142.7 1.70141e38 143 142.9 142.6 142.2 141.6 141 140.3 139.7 139.1 138.6 138.2 137.8 137.5 137.2 136.9 136.6 136.3 136 135.6 135.1 134.7 134.1 133.5 132.8 132.1 131.2 130.3 129.4 128.3 127.3 126.1 125 123.7 122.5 121.1 119.7 118.2 116.7 115.2 113.6
112.6 112.5 112.7 113 113.6 114.4 115.5 116.8 118.2 119.8 121.4 123.1 124.9 126.6 128.3 130 131.6 133.1 134.5 135.8 136.9 137.9 138.7 1.70141e38 1.70141e38 1.70141e38 1.70141e38 139.6 139.2 138.7 138 137.3 136.5 135.9 135.3 134.7 134.3 133.9 133.7 133.4 133.2 133 132.8 132.6 132.4 132.1 131.8 131.5 131 130.5 130 129.4 128.7 127.9 127 126.1 125.1 124.1 122.9 121.7 120.5 119.1 117.6 116.1 114.5 112.9
110.5 110.4 110.5 110.9 111.5 112.3 113.4 114.7 116.1 117.6 119.3 121 122.7 124.4 126 127.7 129.2 130.7 132.1 133.3 1.70141e38 1.70141e38 1.70141e38 1.70141e38 1.70141e38 1.70141e38 1.70141e38 1.70141e38 136 135.3 134.5 133.7 132.9 132.2 131.5 131 130.5 130.2 129.9 129.7 129.6 129.5 129.4 129.3 129.2 129.1 128.9 128.7 128.5 128.2 127.8 127.4 126.9 126.3 125.6 124.8 124 123.1 122 120.9 119.7 118.4 117 115.5 113.9 112.2
108.5 108.4 108.6 108.9 109.5 110.3 111.4 112.7 114.1 115.6 117.2 118.9 120.6 122.3 123.9 125.5 127.1 128.5 1.70141e38 1.70141e38 1.70141e38 1.70141e38 1.70141e38 1.70141e38 1.70141e38 1.70141e38 1.70141e38 1.70141e38 1.70141e38 132.1 131.2 130.3 129.4 128.6 127.9 127.3 126.9 126.5 126.3 126.1 126 125.9 125.9 125.9 125.9 125.9 125.9 125.9 125.8 125.7 125.5 125.3 125 124.6 124 123.4 122.7 121.9 121 120 118.9 117.6 116.2 114.7 113.1 111.4
106.6 106.6 106.7 107.1 107.7 108.5 109.5 110.8 112.2 113.7 115.4 117 118.7 120.4 122 1.70141e38 1.70141e38 1.70141e38 1.70141e38 1.70141e38 1.70141e38 1.70141e38 1.70141e38 1.70141e38 1.70141e38 1.70141e38 1.70141e38 1.70141e38 1.70141e38 1.70141e38 128.1 127.1 126.1 125.3 124.5 123.9 123.4 123 122.7 122.6 122.5 122.5 122.5 122.6 122.7 122.8 122.9 123 123.1 123.2 123.2 123.1 122.9 122.7 122.4 121.9 121.4 120.7 119.9 119 117.9 116.7 115.4 113.9 112.3 110.6
105 104.9 105.1 105.4 106 106.8 107.8 109.1 110.5 112 113.6 115.3 1.70141e38 1.70141e38 1.70141e38 1.70141e38 1.70141e38 1.70141e38 1.70141e38 1.70141e38 1.70141e38 1.70141e38 1.70141e38 1.70141e38 1.70141e38 1.70141e38 1.70141e38 1.70141e38 1.70141e38 1.70141e38 1.70141e38 124.1 123.1 122.1 121.3 120.6 120 119.6 119.3 119.1 119 119 119.1 119.2 119.4 119.6 119.8 120 120.3 120.5 120.7 120.8 120.8 120.7 120.6 120.3 119.9 119.3 118.6 117.8 116.8 115.7 114.4 113 111.4 109.7
103.5 103.4 103.5 103.9 104.5 105.3 106.3 107.5 108.9 110.5 112.1 113.7 1.70141e38 1.70141e38 1.70141e38 1.70141e38 1.70141e38 1.70141e38 1.70141e38 1.70141e38 1.70141e38 1.70141e38 1.70141e38 1.70141e38 1.70141e38 1.70141e38 1.70141e38 1.70141e38 1.70141e38 1.70141e38 1.70141e38 1.70141e38 120.3 119.2 118.3 117.5 116.9 116.4 116 115.8 115.7 115.6 115.7 115.8 116.1 116.3 116.7 117 117.4 117.7 118.1 118.3 118.5 118.6 118.6 118.5 118.2 117.8 117.2 116.5 115.6 114.6 113.4 112 110.4 108.8
102.2 102.1 102.2 102.6 103.1 103.9 104.9 106.1 107.5 109.1 110.6 112.3 1.70141e38 1.70141e38 1.70141e38 1.70141e38 1.70141e38 1.70141e38 1.70141e38 1.70141e38 1.70141e38 1.70141e38 1.70141e38 1.70141e38 1.70141e38 1.70141e38 1.70141e38 1.70141e38 1.70141e38 1.70141e38 1.70141e38 1.70141e38 1.70141e38 116.6 115.6 114.7 113.9 113.3 112.9 112.6 112.4 112.3 112.4 112.5 112.7 113.1 113.5 113.9 114.4 114.9 115.3 115.7 116.1 116.4 116.5 116.5 116.4 116.1 115.6 115 114.2 113.2 112.1 110.8 109.3 107.7
101.1 101 101.1 101.4 101.9 102.7 103.7 104.9 106.3 107.8 109.4 111 112.7 1.70141e38 1.70141e38 1.70141e38 1.70141e38 1.70141e38 1.70141e38 1.70141e38 1.70141e38 1.70141e38 1.70141e38 1.70141e38 1.70141e38 1.70141e38 1.70141e38 1.70141e38 1.70141e38 1.70141e38 1.70141e38 1.70141e38 1.70141e38 1.70141e38 113 112 111.2 110.4 109.9 109.4 109.2 109 109 109.2 109.4 109.7 110.2 110.7 111.3 111.9 112.5 113 113.5 113.9 114.2 114.4 114.3 114.2 113.8 113.3 112.6 111.7 110.6 109.4 108 106.4
100.2 100.1 100.2 100.5 101 101.7 102.7 103.9 105.3 106.7 108.3 110 111.6 113.2 1.70141e38 1.70141e38 1.70141e38 1.70141e38 1.70141e38 1.70141e38 1.70141e38 1.70141e38 1.70141e38 1.70141e38 1.70141e38 1.70141e38 1.70141e38 1.70141e38 1.70141e38 1.70141e38 1.70141e38 1.70141e38 1.70141e38 1.70141e38 1.70141e38 109.5 108.5 107.7 107 106.4 106 105.8 105.7 105.8 106 106.4 106.9 107.4 108.1 108.8 109.5 110.2 110.8 111.3 111.8 112 112.1 112.1 111.8 111.4 110.7 109.9 108.9 107.8 106.4 104.9
99.55 99.45 99.5 99.74 100.2 100.9 101.9 103 104.4 105.8 107.4 109 110.7 112.3 113.9 1.70141e38 1.70141e38 1.70141e38 1.70141e38 1.70141e38 1.70141e38 1.70141e38 1.70141e38 1.70141e38 1.70141e38 1.70141e38 1.70141e38 1.70141e38 1.70141e38 1.70141e38 1.70141e38 1.70141e38 1.70141e38 1.70141e38 1.70141e38 107.2 106 105 104.1 103.4 102.9 102.6 102.4 102.4 102.6 103 103.5 104.1 104.8 105.6 106.4 107.2 107.9 108.6 109.1 109.5 109.7 109.7 109.5 109.2 108.6 107.9 106.9 105.8 104.6 103.1
99.15 99.02 99.02 99.22 99.63 100.3 101.2 102.3 103.6 105.1 106.7 108.3 109.9 111.5 113.1 1.70141e38 1.70141e38 1.70141e38 1.70141e38 1.70141e38 1.70141e38 1.70141e38 1.70141e38 1.70141e38 1.70141e38 1.70141e38 1.70141e38 1.70141e38 1.70141e38 1.70141e38 1.70141e38 1.70141e38 1.70141e38 1.70141e38 106.5 105 103.6 102.4 101.4 100.5 99.86 99.39 99.12 99.05 99.19 99.51 100 100.6 101.4 102.2 103.1 104 104.8 105.6 106.2 106.7 107 107.1 107 106.7 106.2 105.5 104.6 103.6 102.4 101
99.01 98.83 98.78 98.91 99.27 99.87 100.7 101.8 103.1 104.5 106.1 107.7 109.3 110.9 112.5 114 1.70141e38 1.70141e38 1.70141e38 1.70141e38 1.70141e38 1.70141e38 1.70141e38 1.70141e38 1.70141e38 1.70141e38 1.70141e38 1.70141e38 1.70141e38 1.70141e38 1.70141e38 1.70141e38 108.1 106.3 104.6 102.9 101.4 99.97 98.73 97.69 96.85 96.22 95.82 95.65 95.71 95.99 96.46 97.1 97.88 98.76 99.69 100.6 101.6 102.4 103.1 103.7 104 104.2 104.2 103.9 103.4 102.7 101.9 100.9 99.82 98.53
99.11 98.87 98.76 98.82 99.1 99.63 100.4 101.4 102.7 104.1 105.6 107.2 108.8 110.4 112 113.5 114.9 1.70141e38 1.70141e38 1.70141e38 1.70141e38 1.70141e38 1.70141e38 1.70141e38 1.70141e38 1.70141e38 1.70141e38 1.70141e38 1.70141e38 1.70141e38 110.5 108.6 106.6 104.7 102.8 100.9 99.17 97.56 96.12 94.88 93.85 93.06 92.52 92.23 92.2 92.4 92.83 93.45 94.23 95.13 96.1 97.1 98.08 98.99 99.77 100.4 100.8 101 101 100.8 100.3 99.64 98.83 97.87 96.78 95.54
99.46 99.16 98.96 98.93 99.12 99.56 100.3 101.2 102.4 103.7 105.2 106.8 108.4 110 111.6 113.2 114.6 1.70141e38 1.70141e38 1.70141e38 1.70141e38 1.70141e38 1.70141e38 1.70141e38 1.70141e38 1.70141e38 1.70141e38 1.70141e38 1.70141e38 111.4 109.5 107.4 105.3 103.2 101.1 98.99 97.03 95.21 93.56 92.11 90.89 89.92 89.21 88.79 88.64 88.76 89.12 89.7 90.46 91.36 92.35 93.37 94.39 95.34 96.17 96.84 97.3 97.53 97.52 97.27 96.8 96.14 95.31 94.34 93.25 92.04
100.1 99.68 99.39 99.25 99.33 99.67 100.3 101.1 102.2 103.5 105 106.5 108.1 109.7 111.3 112.9 114.3 115.6 1.70141e38 1.70141e38 1.70141e38 1.70141e38 1.70141e38 1.70141e38 1.70141e38 1.70141e38 1.70141e38 114.2 112.5 110.6 108.6 106.4 104.1 101.7 99.4 97.13 94.95 92.9 91.03 89.37 87.94 86.78 85.9 85.32 85.05 85.06 85.34 85.86 86.57 87.44 88.41 89.44 90.47 91.43 92.29 92.98 93.46 93.7 93.69 93.42 92.93 92.23 91.36 90.35 89.23 88.01
100.9 100.4 100 99.77 99.72 99.93 100.4 101.2 102.2 103.4 104.8 106.3 107.8 109.5 111.1 112.6 114.1 115.4 116.6 1.70141e38 1.70141e38 1.70141e38 1.70141e38 1.70141e38 1.70141e38 116.6 115.3 113.8 112 110 107.7 105.3 102.9 100.3 97.78 95.29 92.89 90.63 88.53 86.65 85.01 83.65 82.59 81.84 81.42 81.31 81.48 81.91 82.55 83.36 84.29 85.29 86.3 87.27 88.12 88.81 89.29 89.52 89.49 89.19 88.66 87.91 86.98 85.92 84.75 83.49
102 101.4 100.9 100.5 100.3 100.4 100.7 101.4 102.3 103.4 104.7 106.1 107.7 109.3 110.9 112.5 114 115.3 116.5 1.70141e38 1.70141e38 1.70141e38 1.70141e38 118.1 117.5 116.5 115.1 113.5 111.5 109.3 106.9 104.4 101.7 98.94 96.19 93.48 90.86 88.37 86.05 83.94 82.09 80.53 79.27 78.35 77.76 77.5 77.54 77.85 78.4 79.12 79.99 80.93 81.89 82.82 83.64 84.31 84.77 84.97 84.91 84.58 84 83.2 82.21 81.09 79.86 78.57
