%%MatrixMarket matrix coordinate real general
264	264	11160
1	1	4.982806e+010
1	2	-3.525641e+009
1	3	1.813889e-003
1	4	-3.891045e+010
1	5	-7.051282e+008
1	6	-6.574392e-003
1	10	7.216336e+009
1	11	-8.814103e+008
1	12	-1.728138e+009
1	13	-1.234795e+010
1	14	-1.762821e+008
1	15	-8.640689e+009
1	73	2.447778e+010
1	74	7.051282e+008
1	75	-6.904602e-004
1	79	-1.967335e+010
1	80	3.525641e+009
1	81	-2.197742e-003
1	85	3.499105e+009
1	86	1.762821e+008
1	87	-8.640689e+008
1	88	-6.228507e+009
1	89	8.814103e+008
1	90	-4.320345e+009
2	1	-3.525641e+009
2	2	2.016253e+010
2	3	-1.751900e-003
2	4	7.051282e+008
2	5	-8.154297e+009
2	6	-1.600981e-004
2	10	-8.814103e+008
2	11	-2.000449e+008
2	12	2.672928e+008
2	13	1.762821e+008
2	14	-4.658914e+009
2	15	1.336464e+008
2	73	-7.051282e+008
2	74	8.554387e+009
2	75	4.640222e-005
2	79	3.525641e+009
2	80	-4.840589e+009
2	81	4.041493e-004
2	85	-1.762821e+008
2	86	-4.817425e+008
2	87	1.336464e+009
2	88	8.814103e+008
2	89	-2.520317e+009
2	90	6.682320e+008
3	1	1.813889e-003
3	2	-1.751900e-003
3	3	3.690438e+010
3	4	-6.678104e-003
3	5	-4.010201e-004
3	6	2.166240e+008
3	10	1.728138e+009
3	11	-2.672928e+008
3	12	-9.116280e+009
3	13	-8.640689e+009
3	14	-1.336464e+008
3	15	-9.117031e+009
3	73	-7.534027e-004
3	74	1.943409e-004
3	75	1.801594e+010
3	79	-2.156734e-003
3	80	3.219843e-004
3	81	-1.098138e+008
3	85	8.640689e+008
3	86	1.336464e+009
3	87	-4.667203e+009
3	88	-4.320345e+009
3	89	6.682320e+008
3	90	-4.613047e+009
4	1	-3.891045e+010
4	2	7.051282e+008
4	3	-6.678104e-003
4	4	9.965611e+010
4	5	9.756088e-004
4	6	1.892090e-003
4	7	-3.891045e+010
4	8	-7.051282e+008
4	9	-1.467228e-003
4	10	-1.234795e+010
4	11	1.762821e+008
4	12	8.640689e+009
4	13	1.443267e+010
4	14	-1.103878e-004
4	15	5.592823e-003
4	19	-1.234795e+010
4	20	-1.762821e+008
4	21	-8.640689e+009
4	73	-1.967335e+010
4	74	-3.525641e+009
4	75	-1.979113e-003
4	79	4.895555e+010
4	80	-8.130074e-005
4	81	2.210617e-003
4	82	-1.967335e+010
4	83	3.525641e+009
4	84	-2.964973e-003
4	85	-6.228507e+009
4	86	-8.814103e+008
4	87	4.320345e+009
4	88	6.998210e+009
4	89	3.480911e-005
4	90	1.785278e-003
4	100	-6.228507e+009
4	101	8.814103e+008
4	102	-4.320345e+009
5	1	-7.051282e+008
5	2	-8.154297e+009
5	3	-4.010201e-004
5	4	9.756088e-004
5	5	4.032507e+010
5	6	-2.380371e-003
5	7	7.051282e+008
5	8	-8.154297e+009
5	9	-5.316734e-004
5	10	-1.762821e+008
5	11	-4.658914e+009
5	12	1.336464e+008
5	13	-3.758669e-004
5	14	-4.000897e+008
5	15	5.345856e+008
5	19	1.762821e+008
5	20	-4.658914e+009
5	21	1.336464e+008
5	73	-3.525641e+009
5	74	-4.840589e+009
5	75	-2.870113e-004
5	79	-1.112819e-004
5	80	1.710877e+010
5	81	-1.428038e-003
5	82	3.525641e+009
5	83	-4.840589e+009
5	84	4.954189e-004
5	85	-8.814103e+008
5	86	-2.520317e+009
5	87	6.682320e+008
5	88	-6.318092e-006
5	89	-9.634850e+008
5	90	2.672928e+009
5	100	8.814103e+008
5	101	-2.520317e+009
5	102	6.682320e+008
6	1	-6.574392e-003
6	2	-1.600981e-004
6	3	2.166240e+008
6	4	1.892090e-003
6	5	-2.380371e-003
6	6	7.380875e+010
6	7	-1.570702e-003
6	8	-5.887747e-004
6	9	2.166240e+008
6	10	8.640689e+009
6	11	-1.336464e+008
6	12	-9.117031e+009
6	13	5.479574e-003
6	14	-5.345856e+008
6	15	-1.823256e+010
6	19	-8.640689e+009
6	20	-1.336464e+008
6	21	-9.117031e+009
6	73	-2.020359e-003
6	74	-4.102588e-004
6	75	-1.098138e+008
6	79	2.087593e-003
6	80	-1.318365e-003
6	81	3.603187e+010
6	82	-2.924204e-003
6	83	2.900362e-004
6	84	-1.098138e+008
6	85	4.320345e+009
6	86	6.682320e+008
6	87	-4.613047e+009
6	88	1.857400e-003
6	89	2.672928e+009
6	90	-9.334406e+009
6	100	-4.320345e+009
6	101	6.682320e+008
6	102	-4.613047e+009
7	4	-3.891045e+010
7	5	7.051282e+008
7	6	-1.570702e-003
7	7	9.965611e+010
7	8	2.343655e-004
7	9	-1.636505e-003
7	13	-1.234795e+010
7	14	1.762821e+008
7	15	8.640689e+009
7	16	-3.891045e+010
7	17	-7.051282e+008
7	18	-3.047466e-003
7	19	1.443267e+010
7	20	-2.956390e-004
7	21	4.710197e-003
7	25	-1.234795e+010
7	26	-1.762821e+008
7	27	-8.640689e+009
7	79	-1.967335e+010
7	80	-3.525641e+009
7	81	-2.745509e-003
7	82	4.895555e+010
7	83	-3.158450e-004
7	84	1.444817e-003
7	88	-6.228507e+009
7	89	-8.814103e+008
7	90	4.320345e+009
7	97	-1.967335e+010
7	98	3.525641e+009
7	99	-1.431227e-003
7	100	6.998210e+009
7	101	-2.375245e-005
7	102	1.593590e-003
7	112	-6.228507e+009
7	113	8.814103e+008
7	114	-4.320345e+009
8	4	-7.051282e+008
8	5	-8.154297e+009
8	6	-5.887747e-004
8	7	2.343655e-004
8	8	4.032507e+010
8	9	-2.358913e-003
8	13	-1.762821e+008
8	14	-4.658914e+009
8	15	1.336464e+008
8	16	7.051282e+008
8	17	-8.154297e+009
8	18	-3.455877e-004
8	19	-5.612373e-004
8	20	-4.000897e+008
8	21	5.345856e+008
8	25	1.762821e+008
8	26	-4.658914e+009
8	27	1.336464e+008
8	79	-3.525641e+009
8	80	-4.840589e+009
8	81	-7.056147e-004
8	82	-3.461838e-004
8	83	1.710877e+010
8	84	-3.050864e-004
8	88	-8.814103e+008
8	89	-2.520317e+009
8	90	6.682320e+008
8	97	3.525641e+009
8	98	-4.840589e+009
8	99	-7.629395e-005
8	100	-6.493926e-005
8	101	-9.634850e+008
8	102	2.672928e+009
8	112	8.814103e+008
8	113	-2.520317e+009
8	114	6.682320e+008
9	4	-1.467228e-003
9	5	-5.316734e-004
9	6	2.166240e+008
9	7	-1.636505e-003
9	8	-2.358913e-003
9	9	7.380875e+010
9	13	8.640689e+009
9	14	-1.336464e+008
9	15	-9.117031e+009
9	16	-3.150463e-003
9	17	-3.838539e-004
9	18	2.166240e+008
9	19	4.597425e-003
9	20	-5.345856e+008
9	21	-1.823256e+010
9	25	-8.640689e+009
9	26	-1.336464e+008
9	27	-9.117031e+009
9	79	-2.786875e-003
9	80	-6.439537e-004
9	81	-1.098138e+008
9	82	1.320839e-003
9	83	-4.458725e-004
9	84	3.603187e+010
9	88	4.320345e+009
9	89	6.682320e+008
9	90	-4.613047e+009
9	97	-1.389742e-003
9	98	-1.019686e-004
9	99	-1.098138e+008
9	100	1.665711e-003
9	101	2.672928e+009
9	102	-9.334406e+009
9	112	-4.320345e+009
9	113	6.682320e+008
9	114	-4.613047e+009
10	1	7.216336e+009
10	2	-8.814103e+008
10	3	1.728138e+009
10	4	-1.234795e+010
10	5	-1.762821e+008
10	6	8.640689e+009
10	10	4.982806e+010
10	11	-3.525641e+009
10	12	7.907867e-003
10	13	-3.891045e+010
10	14	-7.051282e+008
10	15	-5.877256e-003
10	22	7.216336e+009
10	23	-8.814103e+008
10	24	-1.728138e+009
10	28	-1.234795e+010
10	29	-1.762821e+008
10	30	-8.640689e+009
10	73	3.499105e+009
10	74	1.762821e+008
10	75	8.640689e+008
10	79	-6.228507e+009
10	80	8.814103e+008
10	81	4.320345e+009
10	85	2.447778e+010
10	86	7.051282e+008
10	87	2.020836e-003
10	88	-1.967335e+010
10	89	3.525641e+009
10	90	-1.471162e-003
10	109	3.499105e+009
10	110	1.762821e+008
10	111	-8.640689e+008
10	115	-6.228507e+009
10	116	8.814103e+008
10	117	-4.320345e+009
11	1	-8.814103e+008
11	2	-2.000449e+008
11	3	-2.672928e+008
11	4	1.762821e+008
11	5	-4.658914e+009
11	6	-1.336464e+008
11	10	-3.525641e+009
11	11	2.016253e+010
11	12	-1.727343e-003
11	13	7.051282e+008
11	14	-8.154297e+009
11	15	8.571148e-005
11	22	-8.814103e+008
11	23	-2.000449e+008
11	24	2.672928e+008
11	28	1.762821e+008
11	29	-4.658914e+009
11	30	1.336464e+008
11	73	-1.762821e+008
11	74	-4.817425e+008
11	75	-1.336464e+009
11	79	8.814103e+008
11	80	-2.520317e+009
11	81	-6.682320e+008
11	85	-7.051282e+008
11	86	8.554387e+009
11	87	-9.730458e-005
11	88	3.525641e+009
11	89	-4.840589e+009
11	90	4.490763e-004
11	109	-1.762821e+008
11	110	-4.817425e+008
11	111	1.336464e+009
11	115	8.814103e+008
11	116	-2.520317e+009
11	117	6.682320e+008
12	1	-1.728138e+009
12	2	2.672928e+008
12	3	-9.116280e+009
12	4	8.640689e+009
12	5	1.336464e+008
12	6	-9.117031e+009
12	10	7.907867e-003
12	11	-1.727343e-003
12	12	3.690438e+010
12	13	-5.979538e-003
12	14	-1.553297e-004
12	15	2.166240e+008
12	22	1.728138e+009
12	23	-2.672928e+008
12	24	-9.116280e+009
12	28	-8.640689e+009
12	29	-1.336464e+008
12	30	-9.117031e+009
12	73	-8.640689e+008
12	74	-1.336464e+009
12	75	-4.667203e+009
12	79	4.320345e+009
12	80	-6.682320e+008
12	81	-4.613047e+009
12	85	1.959801e-003
12	86	5.045533e-005
12	87	1.801594e+010
12	88	-1.429796e-003
12	89	3.668964e-004
12	90	-1.098138e+008
12	109	8.640689e+008
12	110	1.336464e+009
12	111	-4.667203e+009
12	115	-4.320345e+009
12	116	6.682320e+008
12	117	-4.613047e+009
13	1	-1.234795e+010
13	2	1.762821e+008
13	3	-8.640689e+009
13	4	1.443267e+010
13	5	-3.758669e-004
13	6	5.479574e-003
13	7	-1.234795e+010
13	8	-1.762821e+008
13	9	8.640689e+009
13	10	-3.891045e+010
13	11	7.051282e+008
13	12	-5.979538e-003
13	13	9.965611e+010
13	14	3.368855e-004
13	15	4.682541e-003
13	19	-3.891045e+010
13	20	-7.051282e+008
13	21	-7.691383e-004
13	22	-1.234795e+010
13	23	1.762821e+008
13	24	8.640689e+009
13	28	1.443267e+010
13	29	-1.043081e-004
13	30	-1.071930e-003
13	34	-1.234795e+010
13	35	-1.762821e+008
13	36	-8.640689e+009
13	73	-6.228507e+009
13	74	-8.814103e+008
13	75	-4.320345e+009
13	79	6.998210e+009
13	80	5.139410e-004
13	81	1.470923e-003
13	82	-6.228507e+009
13	83	8.814103e+008
13	84	4.320345e+009
13	85	-1.967335e+010
13	86	-3.525641e+009
13	87	-1.252532e-003
13	88	4.895555e+010
13	89	7.238388e-004
13	90	5.117416e-003
13	100	-1.967335e+010
13	101	3.525641e+009
13	102	-2.237797e-003
13	109	-6.228507e+009
13	110	-8.814103e+008
13	111	4.320345e+009
13	115	6.998210e+009
13	116	7.476211e-004
13	117	-5.400181e-004
13	121	-6.228507e+009
13	122	8.814103e+008
13	123	-4.320345e+009
14	1	-1.762821e+008
14	2	-4.658914e+009
14	3	-1.336464e+008
14	4	-1.103878e-004
14	5	-4.000897e+008
14	6	-5.345856e+008
14	7	1.762821e+008
14	8	-4.658914e+009
14	9	-1.336464e+008
14	10	-7.051282e+008
14	11	-8.154297e+009
14	12	-1.553297e-004
14	13	3.368855e-004
14	14	4.032507e+010
14	15	-1.398087e-003
14	19	7.051282e+008
14	20	-8.154297e+009
14	21	-2.858639e-004
14	22	-1.762821e+008
14	23	-4.658914e+009
14	24	1.336464e+008
14	28	-1.394749e-005
14	29	-4.000897e+008
14	30	5.345856e+008
14	34	1.762821e+008
14	35	-4.658914e+009
14	36	1.336464e+008
14	73	-8.814103e+008
14	74	-2.520317e+009
14	75	-6.682320e+008
14	79	2.263188e-004
14	80	-9.634850e+008
14	81	-2.672928e+009
14	82	8.814103e+008
14	83	-2.520317e+009
14	84	-6.682320e+008
14	85	-3.525641e+009
14	86	-4.840589e+009
14	87	-2.420396e-004
14	88	2.915859e-004
14	89	1.710877e+010
14	90	-1.248032e-003
14	100	3.525641e+009
14	101	-4.840589e+009
14	102	5.403608e-004
14	109	-8.814103e+008
14	110	-2.520317e+009
14	111	6.682320e+008
14	115	6.448925e-004
14	116	-9.634850e+008
14	117	2.672928e+009
14	121	8.814103e+008
14	122	-2.520317e+009
14	123	6.682320e+008
15	1	-8.640689e+009
15	2	1.336464e+008
15	3	-9.117031e+009
15	4	5.592823e-003
15	5	5.345856e+008
15	6	-1.823256e+010
15	7	8.640689e+009
15	8	1.336464e+008
15	9	-9.117031e+009
15	10	-5.877256e-003
15	11	8.571148e-005
15	12	2.166240e+008
15	13	4.682541e-003
15	14	-1.398087e-003
15	15	7.380875e+010
15	19	-8.728504e-004
15	20	-3.430843e-004
15	21	2.166240e+008
15	22	8.640689e+009
15	23	-1.336464e+008
15	24	-9.117031e+009
15	28	-1.184940e-003
15	29	-5.345856e+008
15	30	-1.823256e+010
15	34	-8.640689e+009
15	35	-1.336464e+008
15	36	-9.117031e+009
15	73	-4.320345e+009
15	74	-6.682320e+008
15	75	-4.613047e+009
15	79	1.461148e-003
15	80	-2.672928e+009
15	81	-9.334406e+009
15	82	4.320345e+009
15	83	-6.682320e+008
15	84	-4.613047e+009
15	85	-1.293421e-003
15	86	-3.653020e-004
15	87	-1.098138e+008
15	88	4.993439e-003
15	89	-1.138628e-003
15	90	3.603187e+010
15	100	-2.197027e-003
15	101	3.349036e-004
15	102	-1.098138e+008
15	109	4.320345e+009
15	110	6.682320e+008
15	111	-4.613047e+009
15	115	-4.682541e-004
15	116	2.672928e+009
15	117	-9.334406e+009
15	121	-4.320345e+009
15	122	6.682320e+008
15	123	-4.613047e+009
16	7	-3.891045e+010
16	8	7.051282e+008
16	9	-3.150463e-003
16	16	9.965611e+010
16	17	-4.720688e-005
16	18	-3.675461e-003
16	19	-1.234795e+010
16	20	1.762821e+008
16	21	8.640689e+009
16	25	1.443267e+010
16	26	-3.660917e-004
16	27	4.201174e-003
16	31	-3.891045e+010
16	32	-7.051282e+008
16	33	5.731583e-004
16	37	-1.234795e+010
16	38	-1.762821e+008
16	39	-8.640689e+009
16	82	-1.967335e+010
16	83	-3.525641e+009
16	84	-1.212120e-003
16	97	4.895555e+010
16	98	-2.304316e-004
16	99	-1.059532e-003
16	100	-6.228507e+009
16	101	-8.814103e+008
16	102	4.320345e+009
16	112	6.998210e+009
16	113	-2.473593e-006
16	114	9.680986e-004
16	118	-1.967335e+010
16	119	3.525641e+009
16	120	-4.601479e-004
16	130	-6.228507e+009
16	131	8.814103e+008
16	132	-4.320345e+009
17	7	-7.051282e+008
17	8	-8.154297e+009
17	9	-3.838539e-004
17	16	-4.720688e-005
17	17	4.032507e+010
17	18	-2.038717e-003
17	19	-1.762821e+008
17	20	-4.658914e+009
17	21	1.336464e+008
17	25	-6.313324e-004
17	26	-4.000897e+008
17	27	5.345856e+008
17	31	7.051282e+008
17	32	-8.154297e+009
17	33	-7.435083e-004
17	37	1.762821e+008
17	38	-4.658914e+009
17	39	1.336464e+008
17	82	-3.525641e+009
17	83	-4.840589e+009
17	84	-4.115701e-004
17	97	-2.604127e-004
17	98	1.710877e+010
17	99	-6.261170e-004
17	100	-8.814103e+008
17	101	-2.520317e+009
17	102	6.682320e+008
17	112	-4.366040e-005
17	113	-9.634850e+008
17	114	2.672928e+009
17	118	3.525641e+009
17	119	-4.840589e+009
17	120	-1.576692e-004
17	130	8.814103e+008
17	131	-2.520317e+009
17	132	6.682320e+008
18	7	-3.047466e-003
18	8	-3.455877e-004
18	9	2.166240e+008
18	16	-3.675461e-003
18	17	-2.038717e-003
18	18	7.380875e+010
18	19	8.640689e+009
18	20	-1.336464e+008
18	21	-9.117031e+009
18	25	4.089355e-003
18	26	-5.345856e+008
18	27	-1.823256e+010
18	31	4.715919e-004
18	32	-7.318258e-004
18	33	2.166240e+008
18	37	-8.640689e+009
18	38	-1.336464e+008
18	39	-9.117031e+009
18	82	-1.253247e-003
18	83	-4.783273e-004
18	84	-1.098138e+008
18	97	-1.182556e-003
18	98	-6.683767e-004
18	99	3.603187e+010
18	100	4.320345e+009
18	101	6.682320e+008
18	102	-4.613047e+009
18	112	1.039386e-003
18	113	2.672928e+009
18	114	-9.334406e+009
18	118	-4.190207e-004
18	119	-1.910329e-004
18	120	-1.098138e+008
18	130	-4.320345e+009
18	131	6.682320e+008
18	132	-4.613047e+009
19	4	-1.234795e+010
19	5	1.762821e+008
19	6	-8.640689e+009
19	7	1.443267e+010
19	8	-5.612373e-004
19	9	4.597425e-003
19	13	-3.891045e+010
19	14	7.051282e+008
19	15	-8.728504e-004
19	16	-1.234795e+010
19	17	-1.762821e+008
19	18	8.640689e+009
19	19	9.965611e+010
19	20	-4.038811e-004
19	21	1.153946e-003
19	25	-3.891045e+010
19	26	-7.051282e+008
19	27	-2.350092e-003
19	28	-1.234795e+010
19	29	1.762821e+008
19	30	8.640689e+009
19	34	1.443267e+010
19	35	-2.895594e-004
19	36	-1.954556e-003
19	40	-1.234795e+010
19	41	-1.762821e+008
19	42	-8.640689e+009
19	79	-6.228507e+009
19	80	-8.814103e+008
19	81	-4.320345e+009
19	82	6.998210e+009
19	83	4.552901e-004
19	84	1.279354e-003
19	88	-1.967335e+010
19	89	-3.525641e+009
19	90	-2.018452e-003
19	97	-6.228507e+009
19	98	8.814103e+008
19	99	4.320345e+009
19	100	4.895555e+010
19	101	4.892349e-004
19	102	4.351616e-003
19	112	-1.967335e+010
19	113	3.525641e+009
19	114	-7.040501e-004
19	115	-6.228507e+009
19	116	-8.814103e+008
19	117	4.320345e+009
19	121	6.998210e+009
19	122	6.889999e-004
19	123	-7.315874e-004
19	136	-6.228507e+009
19	137	8.814103e+008
19	138	-4.320345e+009
20	4	-1.762821e+008
20	5	-4.658914e+009
20	6	-1.336464e+008
20	7	-2.956390e-004
20	8	-4.000897e+008
20	9	-5.345856e+008
20	13	-7.051282e+008
20	14	-8.154297e+009
20	15	-3.430843e-004
20	16	1.762821e+008
20	17	-4.658914e+009
20	18	-1.336464e+008
20	19	-4.038811e-004
20	20	4.032507e+010
20	21	-1.376867e-003
20	25	7.051282e+008
20	26	-8.154297e+009
20	27	-1.000166e-004
20	28	-1.762821e+008
20	29	-4.658914e+009
20	30	1.336464e+008
20	34	-1.991987e-004
20	35	-4.000897e+008
20	36	5.345856e+008
20	40	1.762821e+008
20	41	-4.658914e+009
20	42	1.336464e+008
20	79	-8.814103e+008
20	80	-2.520317e+009
20	81	-6.682320e+008
20	82	1.676381e-004
20	83	-9.634850e+008
20	84	-2.672928e+009
20	88	-3.525641e+009
20	89	-4.840589e+009
20	90	-6.605983e-004
20	97	8.814103e+008
20	98	-2.520317e+009
20	99	-6.682320e+008
20	100	5.662441e-005
20	101	1.710877e+010
20	102	-1.252294e-004
20	112	3.525641e+009
20	113	-4.840589e+009
20	114	-3.138185e-005
20	115	-8.814103e+008
20	116	-2.520317e+009
20	117	6.682320e+008
20	121	5.862713e-004
20	122	-9.634850e+008
20	123	2.672928e+009
20	136	8.814103e+008
20	137	-2.520317e+009
20	138	6.682320e+008
21	4	-8.640689e+009
21	5	1.336464e+008
21	6	-9.117031e+009
21	7	4.710197e-003
21	8	5.345856e+008
21	9	-1.823256e+010
21	13	-7.691383e-004
21	14	-2.858639e-004
21	15	2.166240e+008
21	16	8.640689e+009
21	17	1.336464e+008
21	18	-9.117031e+009
21	19	1.153946e-003
21	20	-1.376867e-003
21	21	7.380875e+010
21	25	-2.452612e-003
21	26	-1.382828e-004
21	27	2.166240e+008
21	28	8.640689e+009
21	29	-1.336464e+008
21	30	-9.117031e+009
21	34	-2.067089e-003
21	35	-5.345856e+008
21	36	-1.823256e+010
21	40	-8.640689e+009
21	41	-1.336464e+008
21	42	-9.117031e+009
21	79	-4.320345e+009
21	80	-6.682320e+008
21	81	-4.613047e+009
21	82	1.268864e-003
21	83	-2.672928e+009
21	84	-9.334406e+009
21	88	-2.059579e-003
21	89	-5.989373e-004
21	90	-1.098138e+008
21	97	4.320345e+009
21	98	-6.682320e+008
21	99	-4.613047e+009
21	100	4.226685e-003
21	101	-2.660751e-004
21	102	3.603187e+010
21	112	-6.630421e-004
21	113	-5.701184e-005
21	114	-1.098138e+008
21	115	4.320345e+009
21	116	6.682320e+008
21	117	-4.613047e+009
21	121	-6.595850e-004
21	122	2.672928e+009
21	123	-9.334406e+009
21	136	-4.320345e+009
21	137	6.682320e+008
21	138	-4.613047e+009
22	10	7.216336e+009
22	11	-8.814103e+008
22	12	1.728138e+009
22	13	-1.234795e+010
22	14	-1.762821e+008
22	15	8.640689e+009
22	22	4.982806e+010
22	23	-3.525641e+009
22	24	7.181168e-003
22	28	-3.891045e+010
22	29	-7.051282e+008
22	30	-5.083084e-003
22	46	7.216336e+009
22	47	-8.814103e+008
22	48	-1.728138e+009
22	49	-1.234795e+010
22	50	-1.762821e+008
22	51	-8.640689e+009
22	85	3.499105e+009
22	86	1.762821e+008
22	87	8.640689e+008
22	88	-6.228507e+009
22	89	8.814103e+008
22	90	4.320345e+009
22	109	2.447778e+010
22	110	7.051282e+008
22	111	1.809120e-003
22	115	-1.967335e+010
22	116	3.525641e+009
22	117	-1.326084e-003
22	142	3.499105e+009
22	143	1.762821e+008
22	144	-8.640689e+008
22	145	-6.228507e+009
22	146	8.814103e+008
22	147	-4.320345e+009
23	10	-8.814103e+008
23	11	-2.000449e+008
23	12	-2.672928e+008
23	13	1.762821e+008
23	14	-4.658914e+009
23	15	-1.336464e+008
23	22	-3.525641e+009
23	23	2.016253e+010
23	24	-1.268387e-003
23	28	7.051282e+008
23	29	-8.154297e+009
23	30	2.893209e-004
23	46	-8.814103e+008
23	47	-2.000449e+008
23	48	2.672928e+008
23	49	1.762821e+008
23	50	-4.658914e+009
23	51	1.336464e+008
23	85	-1.762821e+008
23	86	-4.817425e+008
23	87	-1.336464e+009
23	88	8.814103e+008
23	89	-2.520317e+009
23	90	-6.682320e+008
23	109	-7.051282e+008
23	110	8.554387e+009
23	111	-8.803606e-005
23	115	3.525641e+009
23	116	-4.840589e+009
23	117	4.829615e-004
23	142	-1.762821e+008
23	143	-4.817425e+008
23	144	1.336464e+009
23	145	8.814103e+008
23	146	-2.520317e+009
23	147	6.682320e+008
24	10	-1.728138e+009
24	11	2.672928e+008
24	12	-9.116280e+009
24	13	8.640689e+009
24	14	1.336464e+008
24	15	-9.117031e+009
24	22	7.181168e-003
24	23	-1.268387e-003
24	24	3.690438e+010
24	28	-5.186081e-003
24	29	4.839897e-005
24	30	2.166240e+008
24	46	1.728138e+009
24	47	-2.672928e+008
24	48	-9.116280e+009
24	49	-8.640689e+009
24	50	-1.336464e+008
24	51	-9.117031e+009
24	85	-8.640689e+008
24	86	-1.336464e+009
24	87	-4.667203e+009
24	88	4.320345e+009
24	89	-6.682320e+008
24	90	-4.613047e+009
24	109	1.747131e-003
24	110	5.975366e-005
24	111	1.801594e+010
24	115	-1.285315e-003
24	116	4.007816e-004
24	117	-1.098138e+008
24	142	8.640689e+008
24	143	1.336464e+009
24	144	-4.667203e+009
24	145	-4.320345e+009
24	146	6.682320e+008
24	147	-4.613047e+009
25	7	-1.234795e+010
25	8	1.762821e+008
25	9	-8.640689e+009
25	16	1.443267e+010
25	17	-6.313324e-004
25	18	4.089355e-003
25	19	-3.891045e+010
25	20	7.051282e+008
25	21	-2.452612e-003
25	25	9.965611e+010
25	26	-6.856918e-004
25	27	-8.907318e-004
25	31	-1.234795e+010
25	32	-1.762821e+008
25	33	8.640689e+009
25	34	-1.234795e+010
25	35	1.762821e+008
25	36	8.640689e+009
25	37	-3.891045e+010
25	38	-7.051282e+008
25	39	1.270771e-003
25	40	1.443267e+010
25	41	-3.600121e-004
25	42	-2.463818e-003
25	52	-1.234795e+010
25	53	-1.762821e+008
25	54	-8.640689e+009
25	82	-6.228507e+009
25	83	-8.814103e+008
25	84	-4.320345e+009
25	97	6.998210e+009
25	98	4.767478e-004
25	99	6.532669e-004
25	100	-1.967335e+010
25	101	-3.525641e+009
25	102	-4.847050e-004
25	112	4.895555e+010
25	113	5.749464e-004
25	114	1.846313e-003
25	118	-6.228507e+009
25	119	8.814103e+008
25	120	4.320345e+009
25	121	-6.228507e+009
25	122	-8.814103e+008
25	123	4.320345e+009
25	130	-1.967335e+010
25	131	3.525641e+009
25	132	2.664328e-004
25	136	6.998210e+009
25	137	7.103384e-004
25	138	-1.357198e-003
25	151	-6.228507e+009
25	152	8.814103e+008
25	153	-4.320345e+009
26	7	-1.762821e+008
26	8	-4.658914e+009
26	9	-1.336464e+008
26	16	-3.660917e-004
26	17	-4.000897e+008
26	18	-5.345856e+008
26	19	-7.051282e+008
26	20	-8.154297e+009
26	21	-1.382828e-004
26	25	-6.856918e-004
26	26	4.032507e+010
26	27	-1.056433e-003
26	31	1.762821e+008
26	32	-4.658914e+009
26	33	-1.336464e+008
26	34	-1.762821e+008
26	35	-4.658914e+009
26	36	1.336464e+008
26	37	7.051282e+008
26	38	-8.154297e+009
26	39	-4.976988e-004
26	40	-2.697706e-004
26	41	-4.000897e+008
26	42	5.345856e+008
26	52	1.762821e+008
26	53	-4.658914e+009
26	54	1.336464e+008
26	82	-8.814103e+008
26	83	-2.520317e+009
26	84	-6.682320e+008
26	97	1.890361e-004
26	98	-9.634850e+008
26	99	-2.672928e+009
26	100	-3.525641e+009
26	101	-4.840589e+009
26	102	-3.665090e-004
26	112	1.423359e-004
26	113	1.710877e+010
26	114	-4.462004e-004
26	118	8.814103e+008
26	119	-2.520317e+009
26	120	-6.682320e+008
26	121	-8.814103e+008
26	122	-2.520317e+009
26	123	6.682320e+008
26	130	3.525641e+009
26	131	-4.840589e+009
26	132	-1.128018e-004
26	136	6.076694e-004
26	137	-9.634850e+008
26	138	2.672928e+009
26	151	8.814103e+008
26	152	-2.520317e+009
26	153	6.682320e+008
27	7	-8.640689e+009
27	8	1.336464e+008
27	9	-9.117031e+009
27	16	4.201174e-003
27	17	5.345856e+008
27	18	-1.823256e+010
27	19	-2.350092e-003
27	20	-1.000166e-004
27	21	2.166240e+008
27	25	-8.907318e-004
27	26	-1.056433e-003
27	27	7.380875e+010
27	31	8.640689e+009
27	32	1.336464e+008
27	33	-9.117031e+009
27	34	8.640689e+009
27	35	-1.336464e+008
27	36	-9.117031e+009
27	37	1.169443e-003
27	38	-4.863739e-004
27	39	2.166240e+008
27	40	-2.576113e-003
27	41	-5.345856e+008
27	42	-1.823256e+010
27	52	-8.640689e+009
27	53	-1.336464e+008
27	54	-9.117031e+009
27	82	-4.320345e+009
27	83	-6.682320e+008
27	84	-4.613047e+009
27	97	6.431341e-004
27	98	-2.672928e+009
27	99	-9.334406e+009
27	100	-5.260706e-004
27	101	-4.332513e-004
27	102	-1.098138e+008
27	112	1.723289e-003
27	113	-4.886389e-004
27	114	3.603187e+010
27	118	4.320345e+009
27	119	-6.682320e+008
27	120	-4.613047e+009
27	121	4.320345e+009
27	122	6.682320e+008
27	123	-4.613047e+009
27	130	3.077984e-004
27	131	-1.461357e-004
27	132	-1.098138e+008
27	136	-1.285911e-003
27	137	2.672928e+009
27	138	-9.334406e+009
27	151	-4.320345e+009
27	152	6.682320e+008
27	153	-4.613047e+009
28	10	-1.234795e+010
28	11	1.762821e+008
28	12	-8.640689e+009
28	13	1.443267e+010
28	14	-1.394749e-005
28	15	-1.184940e-003
28	19	-1.234795e+010
28	20	-1.762821e+008
28	21	8.640689e+009
28	22	-3.891045e+010
28	23	7.051282e+008
28	24	-5.186081e-003
28	28	9.965611e+010
28	29	2.322197e-003
28	30	7.860184e-003
28	34	-3.891045e+010
28	35	-7.051282e+008
28	36	2.503395e-005
28	46	-1.234795e+010
28	47	1.762821e+008
28	48	8.640689e+009
28	49	1.443267e+010
28	50	2.952814e-004
28	51	2.417088e-003
28	55	-1.234795e+010
28	56	-1.762821e+008
28	57	-8.640689e+009
28	85	-6.228507e+009
28	86	-8.814103e+008
28	87	-4.320345e+009
28	88	6.998210e+009
28	89	-3.198683e-004
28	90	-8.546114e-004
28	100	-6.228507e+009
28	101	8.814103e+008
28	102	4.320345e+009
28	109	-1.967335e+010
28	110	-3.525641e+009
28	111	-1.107335e-003
28	115	4.895555e+010
28	116	3.206730e-004
28	117	5.700111e-003
28	121	-1.967335e+010
28	122	3.525641e+009
28	123	-2.092361e-003
28	142	-6.228507e+009
28	143	-8.814103e+008
28	144	4.320345e+009
28	145	6.998210e+009
28	146	9.354949e-005
28	147	1.204371e-003
28	154	-6.228507e+009
28	155	8.814103e+008
28	156	-4.320345e+009
29	10	-1.762821e+008
29	11	-4.658914e+009
29	12	-1.336464e+008
29	13	-1.043081e-004
29	14	-4.000897e+008
29	15	-5.345856e+008
29	19	1.762821e+008
29	20	-4.658914e+009
29	21	-1.336464e+008
29	22	-7.051282e+008
29	23	-8.154297e+009
29	24	4.839897e-005
29	28	2.322197e-003
29	29	4.032507e+010
29	30	-5.831718e-004
29	34	7.051282e+008
29	35	-8.154297e+009
29	36	-8.213520e-005
29	46	-1.762821e+008
29	47	-4.658914e+009
29	48	1.336464e+008
29	49	2.104044e-004
29	50	-4.000897e+008
29	51	5.345856e+008
29	55	1.762821e+008
29	56	-4.658914e+009
29	57	1.336464e+008
29	85	-8.814103e+008
29	86	-2.520317e+009
29	87	-6.682320e+008
29	88	-4.226565e-004
29	89	-9.634850e+008
29	90	-2.672928e+009
29	100	8.814103e+008
29	101	-2.520317e+009
29	102	-6.682320e+008
29	109	-3.525641e+009
29	110	-4.840589e+009
29	111	-2.082884e-004
29	115	5.702972e-004
29	116	1.710877e+010
29	117	-1.113236e-003
29	121	3.525641e+009
29	122	-4.840589e+009
29	123	5.741715e-004
29	142	-8.814103e+008
29	143	-2.520317e+009
29	144	6.682320e+008
29	145	8.326769e-005
29	146	-9.634850e+008
29	147	2.672928e+009
29	154	8.814103e+008
29	155	-2.520317e+009
29	156	6.682320e+008
30	10	-8.640689e+009
30	11	1.336464e+008
30	12	-9.117031e+009
30	13	-1.071930e-003
30	14	5.345856e+008
30	15	-1.823256e+010
30	19	8.640689e+009
30	20	1.336464e+008
30	21	-9.117031e+009
30	22	-5.083084e-003
30	23	2.893209e-004
30	24	2.166240e+008
30	28	7.860184e-003
30	29	-5.831718e-004
30	30	7.380875e+010
30	34	-7.820129e-005
30	35	-1.394749e-004
30	36	2.166240e+008
30	46	8.640689e+009
30	47	-1.336464e+008
30	48	-9.117031e+009
30	49	2.303123e-003
30	50	-5.345856e+008
30	51	-1.823256e+010
30	55	-8.640689e+009
30	56	-1.336464e+008
30	57	-9.117031e+009
30	85	-4.320345e+009
30	86	-6.682320e+008
30	87	-4.613047e+009
30	88	-8.645058e-004
30	89	-2.672928e+009
30	90	-9.334406e+009
30	100	4.320345e+009
30	101	-6.682320e+008
30	102	-4.613047e+009
30	109	-1.147866e-003
30	110	-3.315061e-004
30	111	-1.098138e+008
30	115	5.576134e-003
30	116	-1.003891e-003
30	117	3.603187e+010
30	121	-2.051592e-003
30	122	3.687590e-004
30	123	-1.098138e+008
30	142	4.320345e+009
30	143	6.682320e+008
30	144	-4.613047e+009
30	145	1.276374e-003
30	146	2.672928e+009
30	147	-9.334406e+009
30	154	-4.320345e+009
30	155	6.682320e+008
30	156	-4.613047e+009
31	16	-3.891045e+010
31	17	7.051282e+008
31	18	4.715919e-004
31	25	-1.234795e+010
31	26	1.762821e+008
31	27	8.640689e+009
31	31	9.965611e+010
31	32	-8.127689e-004
31	33	-6.254196e-003
31	37	1.443267e+010
31	38	-5.574226e-004
31	39	3.554821e-003
31	43	-3.891045e+010
31	44	-7.051282e+008
31	45	-4.670620e-004
31	58	-1.234795e+010
31	59	-1.762821e+008
31	60	-8.640689e+009
31	97	-1.967335e+010
31	98	-3.525641e+009
31	99	-2.421141e-004
31	112	-6.228507e+009
31	113	-8.814103e+008
31	114	4.320345e+009
31	118	4.895555e+010
31	119	-5.629063e-004
31	120	-2.017021e-003
31	130	6.998210e+009
31	131	-8.553267e-005
31	132	7.278919e-004
31	139	-1.967335e+010
31	140	3.525641e+009
31	141	-4.723072e-004
31	157	-6.228507e+009
31	158	8.814103e+008
31	159	-4.320345e+009
32	16	-7.051282e+008
32	17	-8.154297e+009
32	18	-7.318258e-004
32	25	-1.762821e+008
32	26	-4.658914e+009
32	27	1.336464e+008
32	31	-8.127689e-004
32	32	4.032507e+010
32	33	-2.598524e-003
32	37	-8.230209e-004
32	38	-4.000897e+008
32	39	5.345856e+008
32	43	7.051282e+008
32	44	-8.154297e+009
32	45	-5.520582e-004
32	58	1.762821e+008
32	59	-4.658914e+009
32	60	1.336464e+008
32	97	-3.525641e+009
32	98	-4.840589e+009
32	99	-1.059175e-004
32	112	-8.814103e+008
32	113	-2.520317e+009
32	114	6.682320e+008
32	118	-5.933046e-004
32	119	1.710877e+010
32	120	-6.605089e-004
32	130	-1.266599e-004
32	131	-9.634850e+008
32	132	2.672928e+009
32	139	3.525641e+009
32	140	-4.840589e+009
32	141	-2.175570e-004
32	157	8.814103e+008
32	158	-2.520317e+009
32	159	6.682320e+008
33	16	5.731583e-004
33	17	-7.435083e-004
33	18	2.166240e+008
33	25	8.640689e+009
33	26	-1.336464e+008
33	27	-9.117031e+009
33	31	-6.254196e-003
33	32	-2.598524e-003
33	33	7.380875e+010
33	37	3.443003e-003
33	38	-5.345856e+008
33	39	-1.823256e+010
33	43	-5.705357e-004
33	44	-5.143881e-004
33	45	2.166240e+008
33	58	-8.640689e+009
33	59	-1.336464e+008
33	60	-9.117031e+009
33	97	-2.828836e-004
33	98	-5.380809e-005
33	99	-1.098138e+008
33	112	4.320345e+009
33	113	6.682320e+008
33	114	-4.613047e+009
33	118	-2.140999e-003
33	119	-6.601512e-004
33	120	3.603187e+010
33	130	8.000135e-004
33	131	2.672928e+009
33	132	-9.334406e+009
33	139	-4.311800e-004
33	140	-2.201200e-004
33	141	-1.098138e+008
33	157	-4.320345e+009
33	158	6.682320e+008
33	159	-4.613047e+009
34	13	-1.234795e+010
34	14	1.762821e+008
34	15	-8.640689e+009
34	19	1.443267e+010
34	20	-1.991987e-004
34	21	-2.067089e-003
34	25	-1.234795e+010
34	26	-1.762821e+008
34	27	8.640689e+009
34	28	-3.891045e+010
34	29	7.051282e+008
34	30	-7.820129e-005
34	34	9.965611e+010
34	35	1.581907e-003
34	36	4.333496e-003
34	40	-3.891045e+010
34	41	-7.051282e+008
34	42	-1.556396e-003
34	49	-1.234795e+010
34	50	1.762821e+008
34	51	8.640689e+009
34	55	1.443267e+010
34	56	1.102686e-004
34	57	1.533747e-003
34	61	-1.234795e+010
34	62	-1.762821e+008
34	63	-8.640689e+009
34	88	-6.228507e+009
34	89	-8.814103e+008
34	90	-4.320345e+009
34	100	6.998210e+009
34	101	-3.784895e-004
34	102	-1.046777e-003
34	112	-6.228507e+009
34	113	8.814103e+008
34	114	4.320345e+009
34	115	-1.967335e+010
34	116	-3.525641e+009
34	117	-1.873255e-003
34	121	4.895555e+010
34	122	8.612871e-005
34	123	4.933357e-003
34	136	-1.967335e+010
34	137	3.525641e+009
34	138	-5.590916e-004
34	145	-6.228507e+009
34	146	-8.814103e+008
34	147	4.320345e+009
34	154	6.998210e+009
34	155	3.480911e-005
34	156	1.012802e-003
34	163	-6.228507e+009
34	164	8.814103e+008
34	165	-4.320345e+009
35	13	-1.762821e+008
35	14	-4.658914e+009
35	15	-1.336464e+008
35	19	-2.895594e-004
35	20	-4.000897e+008
35	21	-5.345856e+008
35	25	1.762821e+008
35	26	-4.658914e+009
35	27	-1.336464e+008
35	28	-7.051282e+008
35	29	-8.154297e+009
35	30	-1.394749e-004
35	34	1.581907e-003
35	35	4.032507e+010
35	36	-5.621910e-004
35	40	7.051282e+008
35	41	-8.154297e+009
35	42	1.037121e-004
35	49	-1.762821e+008
35	50	-4.658914e+009
35	51	1.336464e+008
35	55	2.527237e-005
35	56	-4.000897e+008
35	57	5.345856e+008
35	61	1.762821e+008
35	62	-4.658914e+009
35	63	1.336464e+008
35	88	-8.814103e+008
35	89	-2.520317e+009
35	90	-6.682320e+008
35	100	-4.811883e-004
35	101	-9.634850e+008
35	102	-2.672928e+009
35	112	8.814103e+008
35	113	-2.520317e+009
35	114	-6.682320e+008
35	115	-3.525641e+009
35	116	-4.840589e+009
35	117	-6.268770e-004
35	121	3.350973e-004
35	122	1.710877e+010
35	123	1.007318e-005
35	136	3.525641e+009
35	137	-4.840589e+009
35	138	2.443790e-006
35	145	-8.814103e+008
35	146	-2.520317e+009
35	147	6.682320e+008
35	154	2.461672e-005
35	155	-9.634850e+008
35	156	2.672928e+009
35	163	8.814103e+008
35	164	-2.520317e+009
35	165	6.682320e+008
36	13	-8.640689e+009
36	14	1.336464e+008
36	15	-9.117031e+009
36	19	-1.954556e-003
36	20	5.345856e+008
36	21	-1.823256e+010
36	25	8.640689e+009
36	26	1.336464e+008
36	27	-9.117031e+009
36	28	2.503395e-005
36	29	-8.213520e-005
36	30	2.166240e+008
36	34	4.333496e-003
36	35	-5.621910e-004
36	36	7.380875e+010
36	40	-1.659870e-003
36	41	6.544590e-005
36	42	2.166240e+008
36	49	8.640689e+009
36	50	-1.336464e+008
36	51	-9.117031e+009
36	55	1.421928e-003
36	56	-5.345856e+008
36	57	-1.823256e+010
36	61	-8.640689e+009
36	62	-1.336464e+008
36	63	-9.117031e+009
36	88	-4.320345e+009
36	89	-6.682320e+008
36	90	-4.613047e+009
36	100	-1.056790e-003
36	101	-2.672928e+009
36	102	-9.334406e+009
36	112	4.320345e+009
36	113	-6.682320e+008
36	114	-4.613047e+009
36	115	-1.914382e-003
36	116	-5.652159e-004
36	117	-1.098138e+008
36	121	4.809380e-003
36	122	-1.309514e-004
36	123	3.603187e+010
36	136	-5.174875e-004
36	137	-2.326071e-005
36	138	-1.098138e+008
36	145	4.320345e+009
36	146	6.682320e+008
36	147	-4.613047e+009
36	154	1.084924e-003
36	155	2.672928e+009
36	156	-9.334406e+009
36	163	-4.320345e+009
36	164	6.682320e+008
36	165	-4.613047e+009
37	16	-1.234795e+010
37	17	1.762821e+008
37	18	-8.640689e+009
37	25	-3.891045e+010
37	26	7.051282e+008
37	27	1.169443e-003
37	31	1.443267e+010
37	32	-8.230209e-004
37	33	3.443003e-003
37	37	9.965611e+010
37	38	-1.452208e-003
37	39	-3.467560e-003
37	40	-1.234795e+010
37	41	1.762821e+008
37	42	8.640689e+009
37	43	-1.234795e+010
37	44	-1.762821e+008
37	45	8.640689e+009
37	52	1.443267e+010
37	53	-5.515814e-004
37	54	-3.110409e-003
37	58	-3.891045e+010
37	59	-7.051282e+008
37	60	2.305508e-004
37	67	-1.234795e+010
37	68	-1.762821e+008
37	69	-8.640689e+009
37	97	-6.228507e+009
37	98	-8.814103e+008
37	99	-4.320345e+009
37	112	-1.967335e+010
37	113	-3.525641e+009
37	114	4.850626e-004
37	118	6.998210e+009
37	119	3.934801e-004
37	120	4.138947e-004
37	130	4.895555e+010
37	131	2.426505e-004
37	132	8.878708e-004
37	136	-6.228507e+009
37	137	-8.814103e+008
37	138	4.320345e+009
37	139	-6.228507e+009
37	140	8.814103e+008
37	141	4.320345e+009
37	151	6.998210e+009
37	152	6.273389e-004
37	153	-1.597524e-003
37	157	-1.967335e+010
37	158	3.525641e+009
37	159	2.542734e-004
37	172	-6.228507e+009
37	173	8.814103e+008
37	174	-4.320345e+009
38	16	-1.762821e+008
38	17	-4.658914e+009
38	18	-1.336464e+008
38	25	-7.051282e+008
38	26	-8.154297e+009
38	27	-4.863739e-004
38	31	-5.574226e-004
38	32	-4.000897e+008
38	33	-5.345856e+008
38	37	-1.452208e-003
38	38	4.032507e+010
38	39	-1.616240e-003
38	40	-1.762821e+008
38	41	-4.658914e+009
38	42	1.336464e+008
38	43	1.762821e+008
38	44	-4.658914e+009
38	45	-1.336464e+008
38	52	-4.613400e-004
38	53	-4.000897e+008
38	54	5.345856e+008
38	58	7.051282e+008
38	59	-8.154297e+009
38	60	-3.064871e-004
38	67	1.762821e+008
38	68	-4.658914e+009
38	69	1.336464e+008
38	97	-8.814103e+008
38	98	-2.520317e+009
38	99	-6.682320e+008
38	112	-3.525641e+009
38	113	-4.840589e+009
38	114	-6.094575e-005
38	118	1.058578e-004
38	119	-9.634850e+008
38	120	-2.672928e+009
38	130	-1.901388e-004
38	131	1.710877e+010
38	132	-4.806817e-004
38	136	-8.814103e+008
38	137	-2.520317e+009
38	138	6.682320e+008
38	139	8.814103e+008
38	140	-2.520317e+009
38	141	-6.682320e+008
38	151	5.245805e-004
38	152	-9.634850e+008
38	153	2.672928e+009
38	157	3.525641e+009
38	158	-4.840589e+009
38	159	-1.726002e-004
38	172	8.814103e+008
38	173	-2.520317e+009
38	174	6.682320e+008
39	16	-8.640689e+009
39	17	1.336464e+008
39	18	-9.117031e+009
39	25	1.270771e-003
39	26	-4.976988e-004
39	27	2.166240e+008
39	31	3.554821e-003
39	32	5.345856e+008
39	33	-1.823256e+010
39	37	-3.467560e-003
39	38	-1.616240e-003
39	39	7.380875e+010
39	40	8.640689e+009
39	41	-1.336464e+008
39	42	-9.117031e+009
39	43	8.640689e+009
39	44	1.336464e+008
39	45	-9.117031e+009
39	52	-3.221750e-003
39	53	-5.345856e+008
39	54	-1.823256e+010
39	58	1.268387e-004
39	59	-2.686977e-004
39	60	2.166240e+008
39	67	-8.640689e+009
39	68	-1.336464e+008
39	69	-9.117031e+009
39	97	-4.320345e+009
39	98	-6.682320e+008
39	99	-4.613047e+009
39	112	4.441738e-004
39	113	-8.925796e-006
39	114	-1.098138e+008
39	118	4.034042e-004
39	119	-2.672928e+009
39	120	-9.334406e+009
39	130	7.658005e-004
39	131	-4.798770e-004
39	132	3.603187e+010
39	136	4.320345e+009
39	137	6.682320e+008
39	138	-4.613047e+009
39	139	4.320345e+009
39	140	-6.682320e+008
39	141	-4.613047e+009
39	151	-1.525521e-003
39	152	2.672928e+009
39	153	-9.334406e+009
39	157	2.952814e-004
39	158	-1.752079e-004
39	159	-1.098138e+008
39	172	-4.320345e+009
39	173	6.682320e+008
39	174	-4.613047e+009
40	19	-1.234795e+010
40	20	1.762821e+008
40	21	-8.640689e+009
40	25	1.443267e+010
40	26	-2.697706e-004
40	27	-2.576113e-003
40	34	-3.891045e+010
40	35	7.051282e+008
40	36	-1.659870e-003
40	37	-1.234795e+010
40	38	-1.762821e+008
40	39	8.640689e+009
40	40	9.965611e+010
40	41	1.300335e-003
40	42	2.290726e-003
40	52	-3.891045e+010
40	53	-7.051282e+008
40	54	2.065182e-003
40	55	-1.234795e+010
40	56	1.762821e+008
40	57	8.640689e+009
40	61	1.443267e+010
40	62	3.981590e-005
40	63	1.025438e-003
40	76	-1.234795e+010
40	77	-1.762821e+008
40	78	-8.640689e+009
40	100	-6.228507e+009
40	101	-8.814103e+008
40	102	-4.320345e+009
40	112	6.998210e+009
40	113	-3.572106e-004
40	114	-1.672387e-003
40	121	-1.967335e+010
40	122	-3.525641e+009
40	123	-3.396273e-004
40	130	-6.228507e+009
40	131	8.814103e+008
40	132	4.320345e+009
40	136	4.895555e+010
40	137	1.715422e-004
40	138	2.428055e-003
40	151	-1.967335e+010
40	152	3.525641e+009
40	153	4.113913e-004
40	154	-6.228507e+009
40	155	-8.814103e+008
40	156	4.320345e+009
40	163	6.998210e+009
40	164	5.617738e-005
40	165	3.871918e-004
40	181	-6.228507e+009
40	182	8.814103e+008
40	183	-4.320345e+009
41	19	-1.762821e+008
41	20	-4.658914e+009
41	21	-1.336464e+008
41	25	-3.600121e-004
41	26	-4.000897e+008
41	27	-5.345856e+008
41	34	-7.051282e+008
41	35	-8.154297e+009
41	36	6.544590e-005
41	37	1.762821e+008
41	38	-4.658914e+009
41	39	-1.336464e+008
41	40	1.300335e-003
41	41	4.032507e+010
41	42	-2.408028e-004
41	52	7.051282e+008
41	53	-8.154297e+009
41	54	-2.942085e-004
41	55	-1.762821e+008
41	56	-4.658914e+009
41	57	1.336464e+008
41	61	-4.518032e-005
41	62	-4.000897e+008
41	63	5.345856e+008
41	76	1.762821e+008
41	77	-4.658914e+009
41	78	1.336464e+008
41	100	-8.814103e+008
41	101	-2.520317e+009
41	102	-6.682320e+008
41	112	-4.599094e-004
41	113	-9.634850e+008
41	114	-2.672928e+009
41	121	-3.525641e+009
41	122	-4.840589e+009
41	123	-3.328770e-004
41	130	8.814103e+008
41	131	-2.520317e+009
41	132	-6.682320e+008
41	136	4.210472e-004
41	137	1.710877e+010
41	138	-3.111064e-004
41	151	3.525641e+009
41	152	-4.840589e+009
41	153	-7.896125e-005
41	154	-8.814103e+008
41	155	-2.520317e+009
41	156	6.682320e+008
41	163	4.598498e-005
41	164	-9.634850e+008
41	165	2.672928e+009
41	181	8.814103e+008
41	182	-2.520317e+009
41	183	6.682320e+008
42	19	-8.640689e+009
42	20	1.336464e+008
42	21	-9.117031e+009
42	25	-2.463818e-003
42	26	5.345856e+008
42	27	-1.823256e+010
42	34	-1.556396e-003
42	35	1.037121e-004
42	36	2.166240e+008
42	37	8.640689e+009
42	38	1.336464e+008
42	39	-9.117031e+009
42	40	2.290726e-003
42	41	-2.408028e-004
42	42	7.380875e+010
42	52	1.962662e-003
42	53	-2.824068e-004
42	54	2.166240e+008
42	55	8.640689e+009
42	56	-1.336464e+008
42	57	-9.117031e+009
42	61	9.121895e-004
42	62	-5.345856e+008
42	63	-1.823256e+010
42	76	-8.640689e+009
42	77	-1.336464e+008
42	78	-9.117031e+009
42	100	-4.320345e+009
42	101	-6.682320e+008
42	102	-4.613047e+009
42	112	-1.682401e-003
42	113	-2.672928e+009
42	114	-9.334406e+009
42	121	-3.807545e-004
42	122	-3.996640e-004
42	123	-1.098138e+008
42	130	4.320345e+009
42	131	-6.682320e+008
42	132	-4.613047e+009
42	136	2.305984e-003
42	137	-3.534853e-004
42	138	3.603187e+010
42	151	4.525185e-004
42	152	-1.123250e-004
42	153	-1.098138e+008
42	154	4.320345e+009
42	155	6.682320e+008
42	156	-4.613047e+009
42	163	4.585981e-004
42	164	2.672928e+009
42	165	-9.334406e+009
42	181	-4.320345e+009
42	182	6.682320e+008
42	183	-4.613047e+009
43	31	-3.891045e+010
43	32	7.051282e+008
43	33	-5.705357e-004
43	37	-1.234795e+010
43	38	1.762821e+008
43	39	8.640689e+009
43	43	9.965611e+010
43	44	1.158714e-004
43	45	-7.799149e-003
43	58	1.443267e+010
43	59	-3.252029e-004
43	60	3.171206e-003
43	64	-3.891045e+010
43	65	-7.051282e+008
43	66	2.113342e-003
43	70	-1.234795e+010
43	71	-1.762821e+008
43	72	-8.640689e+009
43	118	-1.967335e+010
43	119	-3.525641e+009
43	120	-2.532005e-004
43	130	-6.228507e+009
43	131	-8.814103e+008
43	132	4.320345e+009
43	139	4.895555e+010
43	140	-2.574325e-004
43	141	-2.964020e-003
43	157	6.998210e+009
43	158	-9.119511e-006
43	159	4.916191e-004
43	166	-1.967335e+010
43	167	3.525641e+009
43	168	4.860163e-004
43	178	-6.228507e+009
43	179	8.814103e+008
43	180	-4.320345e+009
44	31	-7.051282e+008
44	32	-8.154297e+009
44	33	-5.143881e-004
44	37	-1.762821e+008
44	38	-4.658914e+009
44	39	1.336464e+008
44	43	1.158714e-004
44	44	4.032507e+010
44	45	-2.082109e-003
44	58	-5.909204e-004
44	59	-4.000897e+008
44	60	5.345856e+008
44	64	7.051282e+008
44	65	-8.154297e+009
44	66	-6.723404e-004
44	70	1.762821e+008
44	71	-4.658914e+009
44	72	1.336464e+008
44	118	-3.525641e+009
44	119	-4.840589e+009
44	120	-1.209080e-004
44	130	-8.814103e+008
44	131	-2.520317e+009
44	132	6.682320e+008
44	139	-2.876520e-004
44	140	1.710877e+010
44	141	-5.552471e-004
44	157	-5.030632e-005
44	158	-9.634850e+008
44	159	2.672928e+009
44	166	3.525641e+009
44	167	-4.840589e+009
44	168	-3.868192e-004
44	178	8.814103e+008
44	179	-2.520317e+009
44	180	6.682320e+008
45	31	-4.670620e-004
45	32	-5.520582e-004
