public/static/data/v8lin5.grd
DSAA
          21          21
   0.00000000       2.00000000    
   0.00000000       2.00000000    
   0.00000000       7.54515640E-03
   0.00000000       0.00000000       0.00000000       0.00000000       0.00000000       0.00000000       0.00000000       0.00000000       0.00000000       0.00000000       0.00000000       0.00000000       0.00000000       0.00000000       0.00000000       0.00000000       0.00000000       0.00000000       0.00000000       0.00000000       0.00000000    
   1.47897867E-03   1.90451997E-03   1.02187262E-03   1.72404933E-03   1.56298245E-03   1.80062442E-03   1.73027581E-03   1.84104464E-03   1.83291349E-03   1.79273449E-03   1.76364731E-03   1.74809981E-03   1.73531612E-03   1.73115451E-03   1.57444784E-03   1.62393437E-03   1.29244779E-03   1.45397848E-03   6.39370352E-04   1.61202613E-03   6.46510744E-04
   0.00000000       3.03909183E-04   0.00000000       2.14109765E-04   8.75541009E-05   4.07390937E-04   3.96386371E-04   4.83061012E-04   4.51506843E-04   5.37197280E-04   5.09988982E-04   5.32180711E-04   4.42702149E-04   4.60137264E-04   3.03177629E-04   3.06228583E-04   0.00000000       0.00000000       0.00000000       1.28420987E-04   0.00000000    
   1.38426875E-03   2.98879039E-03   2.47851480E-03   3.60041345E-03   3.67720099E-03   4.03698441E-03   4.05333797E-03   4.17490583E-03   4.18451242E-03   4.16297745E-03   4.13778005E-03   4.11659013E-03   4.06106934E-03   4.01581451E-03   3.78859835E-03   3.70844477E-03   3.10370489E-03   2.93645752E-03   1.43231254E-03   2.22220551E-03   1.45741622E-04
   1.29220076E-03   4.16087918E-03   3.77633702E-03   5.15232049E-03   5.36597427E-03   5.91769908E-03   6.04923721E-03   6.21009618E-03   6.22696104E-03   6.29185978E-03   6.25687512E-03   6.23164792E-03   6.09988114E-03   6.01661857E-03   5.69991674E-03   5.47387218E-03   4.61062696E-03   4.33195382E-03   2.36573070E-03   2.95744836E-03   0.00000000    
   3.55079467E-03   6.63878862E-03   5.37899695E-03   6.51809713E-03   6.55883178E-03   7.16509670E-03   7.30513502E-03   7.50686135E-03   7.54515640E-03   7.53069855E-03   7.47588370E-03   7.39341881E-03   7.23817246E-03   7.08166324E-03   6.67059794E-03   6.44618366E-03   5.65174501E-03   5.97012695E-03   4.32261452E-03   5.04788244E-03   1.43531244E-03
   3.92495468E-03   7.09997397E-03   3.33752134E-03   2.61105387E-03   1.43833156E-03   2.12691282E-03   2.49317824E-03   2.95545207E-03   3.11202742E-03   3.18199955E-03   3.05160973E-03   2.82006478E-03   2.35907175E-03   1.88293797E-03   1.10667606E-03   1.07931579E-03   1.21767377E-03   4.10199817E-03   4.26162686E-03   6.00219239E-03   1.61008793E-03
   4.59231995E-03   7.46708736E-03   2.05365568E-03   0.00000000       0.00000000       0.00000000       0.00000000       0.00000000       0.00000000       0.00000000       0.00000000       0.00000000       0.00000000       0.00000000       0.00000000       0.00000000       0.00000000       2.97896774E-03   4.34912369E-03   6.57478673E-03   2.19001388E-03
   4.30434570E-03   7.23982975E-03   3.03005823E-03   1.37642887E-03   0.00000000       0.00000000       0.00000000       0.00000000       0.00000000       0.00000000       0.00000000       0.00000000       0.00000000       0.00000000       0.00000000       0.00000000       8.13202700E-04   4.12928499E-03   4.41324199E-03   6.12993818E-03   1.91255775E-03
   3.44397104E-03   6.31460547E-03   4.12261300E-03   4.39042551E-03   3.57283745E-03   3.97086749E-03   4.01672628E-03   4.28154599E-03   4.38588671E-03   4.51810891E-03   4.58755717E-03   4.72624041E-03   4.80026519E-03   5.05701359E-03   4.97914851E-03   5.25100389E-03   4.76029422E-03   5.57233859E-03   4.05669678E-03   5.02968254E-03   1.24248618E-03
   2.09491793E-03   4.16909019E-03   2.46897643E-03   2.77407165E-03   1.87709311E-03   2.05748971E-03   2.11698236E-03   2.51147337E-03   2.71004718E-03   2.76627275E-03   2.79245735E-03   3.00003169E-03   3.35320365E-03   3.99629259E-03   4.34131362E-03   4.81445529E-03   4.38092463E-03   4.48699063E-03   2.63019302E-03   3.35672149E-03   4.18329029E-04
   1.07987714E-03   2.30688439E-03   0.00000000       0.00000000       0.00000000       0.00000000       0.00000000       0.00000000       0.00000000       0.00000000       0.00000000       0.00000000       0.00000000       0.00000000       8.48841271E-04   1.90153345E-03   1.82113121E-03   2.18720012E-03   8.48592608E-04   1.91248511E-03   0.00000000    
   8.54102662E-04   2.47424841E-03   5.88985742E-04   5.75430226E-04   0.00000000       0.00000000       0.00000000       0.00000000       0.00000000       0.00000000       0.00000000       0.00000000       0.00000000       0.00000000       0.00000000       7.22236000E-05   0.00000000       5.04521886E-04   0.00000000       9.35608405E-04   0.00000000    
   1.51324819E-03   4.09592455E-03   2.92433472E-03   3.24631995E-03   1.67947821E-03   1.65538676E-03   1.57496845E-03   1.91951077E-03   1.83216797E-03   1.40255014E-03   8.12968123E-04   7.95753906E-04   1.35106791E-03   1.99452532E-03   1.09348958E-03   4.99248272E-04   0.00000000       0.00000000       0.00000000       6.38814759E-04   0.00000000    
   1.96885550E-03   5.30461594E-03   4.08418104E-03   3.32098734E-03   0.00000000       0.00000000       0.00000000       0.00000000       0.00000000       0.00000000       0.00000000       0.00000000       2.12348881E-03   4.00603795E-03   2.88820453E-03   1.33050431E-03   0.00000000       0.00000000       0.00000000       2.77322135E-04   0.00000000    
   2.29422958E-03   5.87087730E-03   4.43063118E-03   3.18384473E-03   0.00000000       0.00000000       0.00000000       0.00000000       0.00000000       0.00000000       0.00000000       0.00000000       2.54511833E-03   4.89476928E-03   3.79570690E-03   2.00951891E-03   3.21569387E-05   1.52359717E-05   0.00000000       4.85860044E-04   0.00000000    
   1.50302052E-03   5.25875203E-03   4.15516738E-03   4.07742569E-03   1.97977223E-03   2.01212522E-03   2.13942491E-03   2.57593160E-03   2.58149789E-03   2.38714460E-03   2.11435952E-03   2.45010387E-03   3.65965278E-03   4.76131262E-03   3.36399651E-03   1.63472607E-03   0.00000000       0.00000000       0.00000000       1.47203449E-04   0.00000000    
   1.79486070E-03   4.68876865E-03   4.43634810E-03   5.94405178E-03   5.94173884E-03   6.69186283E-03   6.95603993E-03   7.24133709E-03   7.24391267E-03   7.09955208E-03   6.68736827E-03   6.24277350E-03   5.65487286E-03   4.94714500E-03   3.05619906E-03   1.59627222E-03   0.00000000       7.99542759E-05   0.00000000       4.95536486E-04   0.00000000    
   0.00000000       2.44870177E-03   2.01090891E-03   3.72799789E-03   3.97559861E-03   4.69416566E-03   4.85123694E-03   5.06598875E-03   5.00720926E-03   4.93189180E-03   4.63911844E-03   4.18478623E-03   3.36503563E-03   2.47543771E-03   9.75052943E-04   1.37662748E-04   0.00000000       0.00000000       0.00000000       0.00000000       0.00000000    
   1.75723969E-03   2.99462909E-03   2.49808328E-03   3.98176350E-03   4.30786703E-03   4.95795719E-03   5.10142185E-03   5.29021397E-03   5.28753595E-03   5.18362038E-03   4.85770963E-03   4.46994416E-03   3.69810453E-03   2.86679249E-03   1.66558463E-03   1.18012924E-03   2.18284957E-04   4.80637769E-04   0.00000000       6.17149519E-04   0.00000000    
   0.00000000       1.17467344E-03   0.00000000       7.44973251E-04   3.47497407E-04   9.93701047E-04   9.08239163E-04   1.11963041E-03   1.01745909E-03   1.03128958E-03   8.68695905E-04   6.64743071E-04   9.68685781E-05   0.00000000       0.00000000       0.00000000       0.00000000       0.00000000       0.00000000       0.00000000       0.00000000    
